,Date,Open_x,High_x,Low_x,Close_x,Adj Close_x,Volume_x,Open_y,High_y,Low_y,Close_y,Adj Close_y,Volume_y
0,2007-11-09,1467.589966,1474.089966,1448.51001,1453.699951,1453.699951,4587050000,67.93,70.529999,67.93,70.040001,60.761681,1616200
1,2007-11-12,1453.660034,1464.939941,1438.530029,1439.180054,1439.180054,4192520000,70.0,70.459999,69.57,70.050003,60.77036999999999,1580300
2,2007-11-13,1441.349976,1481.369995,1441.349976,1481.050049,1481.050049,4141310000,70.779999,70.949997,69.33000200000001,70.870003,61.481724,1429800
3,2007-11-14,1483.400024,1492.140015,1466.469971,1470.579956,1470.579956,4031470000,71.0,71.5,70.720001,70.779999,61.403645,1289100
4,2007-11-15,1468.040039,1472.670044,1443.48999,1451.150024,1451.150024,3941010000,70.449997,71.690002,70.449997,70.82,61.438339,1080900
5,2007-11-16,1453.089966,1462.180054,1443.98999,1458.73999,1458.73999,4168870000,71.32,71.550003,69.620003,69.870003,60.614185,1999900
6,2007-11-19,1456.699951,1456.699951,1430.420044,1433.27002,1433.27002,4119650000,69.290001,70.5,69.290001,70.160004,60.865768,1029300
7,2007-11-20,1434.51001,1452.640015,1419.280029,1439.699951,1439.699951,4875150000,70.410004,72.650002,70.370003,71.870003,62.349228000000004,2161900
8,2007-11-21,1434.709961,1436.400024,1415.640015,1416.77002,1416.77002,4076230000,71.139999,72.050003,70.230003,70.279999,60.96990600000001,1460300
9,2007-11-23,1417.619995,1440.859985,1417.619995,1440.699951,1440.699951,1612720000,70.599998,70.870003,70.029999,70.639999,61.282215,464800
10,2007-11-26,1440.73999,1446.089966,1406.099976,1407.219971,1407.219971,3706470000,70.779999,71.209999,69.519997,69.519997,60.310543,850000
11,2007-11-27,1409.589966,1429.48999,1407.430054,1428.22998,1428.22998,4320720000,69.940002,71.589996,69.940002,71.510002,62.036953000000004,1242800
12,2007-11-28,1432.949951,1471.619995,1432.949951,1469.02002,1469.02002,4508020000,71.900002,72.93,71.050003,72.790001,63.147377,1089500
13,2007-11-29,1467.410034,1473.810059,1458.359985,1469.719971,1469.719971,3524730000,72.410004,72.699997,71.75,72.230003,62.661568,679300
14,2007-11-30,1471.829956,1488.939941,1470.890015,1481.140015,1481.140015,4422200000,73.0,73.230003,72.239998,72.629997,63.008571999999994,1201000
15,2007-12-03,1479.630005,1481.160034,1470.079956,1472.420044,1472.420044,3323250000,72.029999,73.08000200000002,72.029999,72.559998,62.947849,913500
16,2007-12-04,1471.339966,1471.339966,1460.660034,1462.790039,1462.790039,3343620000,72.269997,73.5,71.699997,72.900002,63.242782999999996,965000
17,2007-12-05,1465.219971,1486.089966,1465.219971,1485.01001,1485.01001,3663660000,73.610001,74.230003,73.220001,74.059998,64.249138,1145900
18,2007-12-06,1484.589966,1508.02002,1482.189941,1507.339966,1507.339966,3568570000,74.029999,75.0,73.639999,75.0,65.064598,1019000
19,2007-12-07,1508.599976,1510.630005,1502.660034,1504.660034,1504.660034,3177710000,74.989998,75.019997,74.41999799999998,74.66999799999998,64.77832,1048500
20,2007-12-10,1505.109985,1518.27002,1504.959961,1515.959961,1515.959961,2911760000,74.730003,76.019997,74.730003,75.480003,65.481018,884300
21,2007-12-11,1516.680054,1523.569946,1475.98999,1477.650024,1477.650024,4080180000,75.129997,75.58000200000002,73.849998,73.910004,64.119026,867800
22,2007-12-12,1487.579956,1511.959961,1468.22998,1486.589966,1486.589966,4482120000,75.41999799999998,75.510002,73.940002,74.699997,64.80435200000001,1263000
23,2007-12-13,1483.27002,1489.400024,1469.209961,1488.410034,1488.410034,3635170000,74.480003,75.019997,74.050003,74.970001,65.03858199999999,783700
24,2007-12-14,1486.189941,1486.670044,1467.780029,1467.949951,1467.949951,3401050000,74.860001,75.199997,74.209999,74.269997,64.43130500000001,804800
25,2007-12-17,1465.050049,1465.050049,1445.430054,1445.900024,1445.900024,3569030000,74.57,74.57,72.5,73.440002,63.71128100000001,1874100
26,2007-12-18,1445.920044,1460.160034,1435.650024,1454.97998,1454.97998,3723690000,73.82,74.449997,73.029999,74.08000200000002,64.26649499999999,1192800
27,2007-12-19,1454.699951,1464.420044,1445.310059,1453.0,1453.0,3401300000,74.389999,75.050003,73.959999,74.849998,64.93447900000001,808900
28,2007-12-20,1456.420044,1461.530029,1447.219971,1460.119995,1460.119995,3526890000,74.91999799999998,75.589996,74.709999,75.260002,65.290176,1017500
29,2007-12-21,1463.189941,1485.400024,1463.189941,1484.459961,1484.459961,4508590000,76.0,76.800003,75.099998,76.209999,66.114296,1622700
30,2007-12-24,1484.550049,1497.630005,1484.550049,1496.449951,1496.449951,1267420000,76.889999,76.889999,75.800003,76.160004,66.070953,635200
31,2007-12-26,1495.119995,1498.849976,1488.199951,1497.660034,1497.660034,2010500000,76.519997,76.75,76.010002,76.480003,66.348541,795200
32,2007-12-27,1495.050049,1495.050049,1475.859985,1476.27002,1476.27002,2365770000,76.260002,76.650002,75.349998,75.349998,65.65151999999999,632700
33,2007-12-28,1479.829956,1488.01001,1471.699951,1478.48999,1478.48999,2420510000,75.58000200000002,76.290001,75.25,75.730003,65.982597,650100
34,2007-12-31,1475.25,1475.829956,1465.130005,1468.359985,1468.359985,2440880000,75.629997,75.730003,74.599998,74.720001,65.1026,746200
35,2008-01-02,1467.969971,1471.77002,1442.069946,1447.160034,1447.160034,3452650000,74.529999,74.82,73.25,73.599998,64.126747,1001600
36,2008-01-03,1447.550049,1456.800049,1443.72998,1447.160034,1447.160034,3429500000,73.699997,74.940002,73.610001,73.83000200000002,64.327148,1061600
37,2008-01-04,1444.01001,1444.01001,1411.189941,1411.630005,1411.630005,4166000000,73.279999,73.389999,72.260002,72.260002,62.959258999999996,1218000
38,2008-01-07,1414.069946,1423.869995,1403.449951,1416.180054,1416.180054,4221260000,72.589996,73.220001,72.33000200000002,72.709999,63.351318000000006,1901000
39,2008-01-08,1415.709961,1430.280029,1388.300049,1390.189941,1390.189941,4705390000,73.0,73.599998,72.120003,72.400002,63.08123000000001,1663700
40,2008-01-09,1390.25,1409.189941,1378.699951,1409.130005,1409.130005,5351030000,72.239998,72.66999799999998,70.559998,70.949997,61.817843999999994,2837500
41,2008-01-10,1406.780029,1429.089966,1395.310059,1420.329956,1420.329956,5170490000,70.360001,70.559998,68.75,69.639999,60.676444999999994,3144000
42,2008-01-11,1419.910034,1419.910034,1394.829956,1401.02002,1401.02002,4495840000,68.93,72.470001,68.93,72.099998,62.819835999999995,3887100
43,2008-01-14,1402.910034,1417.890015,1402.910034,1416.25,1416.25,3682090000,72.82,72.900002,71.699997,72.459999,63.133499,1795600
44,2008-01-15,1411.880005,1411.880005,1380.599976,1380.949951,1380.949951,4601640000,70.300003,72.660004,70.300003,71.110001,61.957283,3054100
45,2008-01-16,1377.410034,1391.98999,1364.27002,1373.199951,1373.199951,5440620000,70.660004,70.660004,68.900002,69.75,60.77231999999999,4420300
46,2008-01-17,1374.790039,1377.719971,1330.670044,1333.25,1333.25,5303130000,70.629997,70.66999799999998,68.550003,68.620003,59.787746,3936200
47,2008-01-18,1333.900024,1350.280029,1312.51001,1325.189941,1325.189941,6004840000,68.959999,69.0,65.33000200000001,65.860001,57.383003,4756500
48,2008-01-22,1312.939941,1322.089966,1274.290039,1310.5,1310.5,6544690000,62.240002000000004,65.860001,58.860001000000004,64.75,56.415878,3952700
49,2008-01-23,1310.410034,1339.089966,1270.050049,1338.599976,1338.599976,3241680000,64.209999,66.910004,63.099998,66.690002,58.106178,3548200
50,2008-01-24,1340.130005,1355.150024,1334.310059,1352.069946,1352.069946,5735300000,68.75,71.25,67.769997,68.349998,59.55250899999999,3723000
51,2008-01-25,1357.319946,1368.560059,1327.5,1330.609985,1330.609985,4882250000,69.120003,69.120003,66.309998,66.41999799999999,57.870922,1979300
52,2008-01-28,1330.699951,1353.969971,1322.26001,1353.959961,1353.959961,4100930000,66.489998,66.83000200000001,65.650002,66.370003,57.827358,1530200
53,2008-01-29,1355.939941,1364.930054,1350.189941,1362.300049,1362.300049,4232960000,67.980003,68.459999,66.910004,67.449997,58.768333,1924800
54,2008-01-30,1362.219971,1385.859985,1352.949951,1355.810059,1355.810059,4742760000,67.290001,67.720001,66.589996,66.66999799999999,58.08873000000001,1751400
55,2008-01-31,1351.97998,1385.619995,1334.079956,1378.550049,1378.550049,4970290000,66.139999,67.230003,65.25,66.970001,58.350124,1753200
56,2008-02-01,1378.599976,1396.02002,1375.930054,1395.420044,1395.420044,4650770000,67.120003,68.0,66.559998,67.879997,59.142979000000004,1547600
57,2008-02-04,1395.380005,1395.380005,1379.689941,1380.819946,1380.819946,3495780000,67.900002,68.269997,67.43,67.58000200000001,58.881626000000004,959300
58,2008-02-05,1380.280029,1380.280029,1336.640015,1336.640015,1336.640015,4315740000,66.629997,67.239998,65.83000200000001,65.910004,57.426570999999996,1197100
59,2008-02-06,1339.47998,1351.959961,1324.339966,1326.449951,1326.449951,4008120000,66.230003,66.58000200000001,65.559998,66.220001,57.696647999999996,1305000
60,2008-02-07,1324.01001,1347.160034,1316.75,1336.910034,1336.910034,4589160000,66.18,68.139999,66.0,68.139999,59.36954100000001,2194100
61,2008-02-08,1336.880005,1341.219971,1321.060059,1331.290039,1331.290039,3768490000,67.910004,68.480003,67.239998,67.949997,59.203991,1747900
62,2008-02-11,1331.920044,1341.400024,1320.319946,1339.130005,1339.130005,3593140000,68.0,68.139999,67.400002,67.800003,59.073296,1793800
63,2008-02-12,1340.550049,1362.099976,1339.359985,1348.859985,1348.859985,4044640000,68.08000200000001,69.25,67.75,69.08000200000001,60.188549,1391600
64,2008-02-13,1353.119995,1369.22998,1350.780029,1367.209961,1367.209961,3856420000,69.470001,70.239998,69.139999,70.059998,61.04240400000001,1589600
65,2008-02-14,1367.329956,1368.160034,1347.310059,1348.859985,1348.859985,3644760000,70.220001,70.559998,68.730003,68.83000200000001,59.970737,1683000
66,2008-02-15,1347.52002,1350.0,1338.130005,1349.98999,1349.98999,3583300000,68.709999,68.730003,67.400002,68.309998,59.517654,1418600
67,2008-02-19,1355.859985,1367.280029,1345.050049,1348.780029,1348.780029,3613550000,68.959999,69.41999799999999,68.230003,68.540001,59.71804399999999,1096300
68,2008-02-20,1348.390015,1363.709961,1336.550049,1360.030029,1360.030029,3870520000,68.08000200000001,68.32,66.459999,67.349998,58.681231999999994,1709300
69,2008-02-21,1362.209961,1367.939941,1339.339966,1342.530029,1342.530029,3696660000,67.449997,68.07,66.43,66.690002,58.106178,1402500
70,2008-02-22,1344.219971,1354.300049,1327.040039,1353.109985,1353.109985,3572660000,66.83000200000001,67.529999,65.739998,66.82,58.219437,1348700
71,2008-02-25,1352.75,1374.359985,1346.030029,1371.800049,1371.800049,3866350000,66.5,67.949997,66.5,67.800003,59.073296,1263100
72,2008-02-26,1371.76001,1387.339966,1363.290039,1381.290039,1381.290039,4096060000,67.349998,67.93,67.0,67.589996,58.89031600000001,919600
73,2008-02-27,1378.949951,1388.339966,1372.0,1380.02002,1380.02002,3904700000,67.059998,67.389999,66.269997,66.339996,57.801207999999995,1448700
74,2008-02-28,1378.160034,1378.160034,1363.160034,1367.680054,1367.680054,3938580000,66.260002,66.66999799999999,65.540001,66.040001,57.539837,943700
75,2008-02-29,1364.069946,1364.069946,1325.420044,1330.630005,1330.630005,4426730000,65.459999,65.989998,64.550003,65.110001,56.729538,1917900
76,2008-03-03,1330.449951,1335.130005,1320.040039,1331.339966,1331.339966,4117570000,65.160004,65.300003,64.5,65.300003,56.895088,1190000
77,2008-03-04,1329.579956,1331.030029,1307.390015,1326.75,1326.75,4757180000,64.83000200000001,65.839996,64.589996,65.690002,57.23488199999999,1224300
78,2008-03-05,1327.689941,1344.189941,1320.219971,1333.699951,1333.699951,4277710000,65.900002,66.660004,65.300003,65.730003,57.269726,1324800
79,2008-03-06,1332.199951,1332.199951,1303.420044,1304.339966,1304.339966,4323460000,65.349998,65.5,64.5,64.519997,56.215466000000006,984300
80,2008-03-07,1301.530029,1313.23999,1282.430054,1293.369995,1293.369995,4565410000,64.16999799999999,64.300003,62.630001,62.720001,54.64716,2202100
81,2008-03-10,1293.160034,1295.01001,1272.660034,1273.369995,1273.369995,4261240000,62.799999,62.880001,59.599998,59.740002000000004,52.05072,4359900
82,2008-03-11,1274.400024,1320.650024,1274.400024,1320.650024,1320.650024,5109080000,60.950001,62.389998999999996,59.5,61.209998999999996,53.331509,2824800
83,2008-03-12,1321.130005,1333.26001,1307.859985,1308.77002,1308.77002,4414280000,61.360001000000004,62.360001000000004,60.830002,61.130001,53.26181800000001,2573000
84,2008-03-13,1305.26001,1321.680054,1282.109985,1315.47998,1315.47998,5073360000,60.41,60.41,58.450001,60.029999,52.303383000000004,2366700
85,2008-03-14,1316.050049,1321.469971,1274.859985,1288.140015,1288.140015,5153780000,60.349998,61.450001,59.970001,60.779999,52.956863,2640100
86,2008-03-17,1283.209961,1287.5,1256.97998,1276.599976,1276.599976,5683010000,60.0,61.009997999999996,58.5,60.459998999999996,52.678047,2934600
87,2008-03-18,1277.160034,1330.73999,1277.160034,1330.73999,1330.73999,5335630000,61.0,62.799999,60.150002,62.779999,54.699425,3872000
88,2008-03-19,1330.969971,1341.51001,1298.420044,1298.420044,1298.420044,5358550000,63.209998999999996,64.660004,62.060001,62.060001,54.07211700000001,2908800
89,2008-03-20,1299.670044,1330.670044,1295.219971,1329.51001,1329.51001,6145220000,62.380001,64.209999,62.25,64.209999,55.945377,2867100
90,2008-03-24,1330.290039,1359.680054,1330.290039,1349.880005,1349.880005,4499000000,64.860001,64.989998,64.150002,64.849998,56.503002,1160300
91,2008-03-25,1349.069946,1357.469971,1341.209961,1352.98999,1352.98999,4145120000,65.0,65.91999799999999,64.809998,65.5,57.069331999999996,1286600
92,2008-03-26,1352.449951,1352.449951,1336.410034,1341.130005,1341.130005,4055670000,65.290001,65.519997,63.669998,64.120003,55.86696600000001,1692600
93,2008-03-27,1340.339966,1345.619995,1325.660034,1325.76001,1325.76001,4037930000,64.660004,65.730003,62.900002,65.230003,56.834099,1865600
94,2008-03-28,1327.02002,1334.869995,1312.949951,1315.219971,1315.219971,3686980000,65.18,66.309998,64.58000200000001,64.75,56.415878,1344800
95,2008-03-31,1315.920044,1328.52002,1312.810059,1322.699951,1322.699951,4188990000,64.849998,65.33000200000001,64.290001,65.050003,56.67726500000001,880400
96,2008-04-01,1326.410034,1370.180054,1326.410034,1370.180054,1370.180054,4745120000,65.150002,67.110001,65.139999,67.110001,58.472115,1680600
97,2008-04-02,1369.959961,1377.949951,1361.550049,1367.530029,1367.530029,4320440000,66.970001,67.5,66.32,66.599998,58.02776,1787000
98,2008-04-03,1365.689941,1375.660034,1358.680054,1369.310059,1369.310059,3920100000,66.300003,67.019997,65.050003,65.629997,57.18261,1652600
99,2008-04-04,1369.849976,1380.910034,1362.829956,1370.400024,1370.400024,3703100000,65.860001,66.16999799999999,65.529999,65.889999,57.409133999999995,2039800
100,2008-04-07,1373.689941,1386.73999,1369.02002,1372.540039,1372.540039,3747780000,66.239998,67.510002,65.540001,65.849998,57.374283,1839000
101,2008-04-08,1370.160034,1370.160034,1360.619995,1365.540039,1365.540039,3602500000,65.519997,66.209999,65.5,66.050003,57.548565,1217500
102,2008-04-09,1365.5,1368.390015,1349.969971,1354.48999,1354.48999,3556670000,66.220001,66.480003,65.589996,65.889999,57.409133999999995,1134400
103,2008-04-10,1355.369995,1367.23999,1350.109985,1360.550049,1360.550049,3686150000,65.769997,65.980003,65.220001,65.540001,57.104191,2323500
104,2008-04-11,1357.97998,1357.97998,1331.209961,1332.829956,1332.829956,3723790000,65.110001,65.400002,63.959998999999996,64.059998,55.814686,1646600
105,2008-04-14,1332.199951,1335.640015,1326.160034,1328.319946,1328.319946,3565020000,64.029999,64.190002,63.380001,63.52,55.344189,1723900
106,2008-04-15,1331.719971,1337.719971,1324.349976,1334.430054,1334.430054,3581230000,63.799999,63.919998,62.5,62.759997999999996,54.682003,1517500
107,2008-04-16,1337.02002,1365.48999,1337.02002,1364.709961,1364.709961,4260370000,63.57,63.580002,62.48,63.41,55.248348,2122800
108,2008-04-17,1363.369995,1368.599976,1357.25,1365.560059,1365.560059,3713880000,63.360001000000004,64.480003,62.82,63.950001,55.718849,1828400
109,2008-04-18,1369.0,1395.900024,1369.0,1390.329956,1390.329956,4222380000,65.790001,66.459999,64.849998,65.300003,56.895088,3018600
110,2008-04-21,1387.719971,1390.22998,1379.25,1388.170044,1388.170044,3420570000,64.82,66.540001,64.82,65.029999,56.65984,1492800
111,2008-04-22,1386.430054,1386.430054,1369.839966,1375.939941,1375.939941,3821900000,64.089996,64.5,63.310001,63.860001000000004,55.64043,1416100
112,2008-04-23,1378.400024,1387.869995,1372.23999,1379.930054,1379.930054,4103610000,63.98,65.25,63.759997999999996,64.860001,56.5117,1315100
113,2008-04-24,1380.52002,1397.719971,1371.089966,1388.819946,1388.819946,4461660000,64.730003,64.730003,63.639998999999996,64.029999,55.788548,1399700
114,2008-04-25,1387.880005,1399.109985,1379.97998,1397.839966,1397.839966,3891150000,64.209999,64.949997,64.199997,64.41999799999999,56.128344999999996,1648900
115,2008-04-28,1397.959961,1402.900024,1394.400024,1396.369995,1396.369995,3607000000,64.220001,64.709999,64.160004,64.300003,56.023796,1688600
116,2008-04-29,1395.609985,1397.0,1386.699951,1390.939941,1390.939941,3815320000,64.199997,65.900002,64.099998,65.459999,57.03448100000001,1308900
117,2008-04-30,1391.219971,1404.569946,1384.25,1385.589966,1385.589966,4508890000,65.599998,65.989998,64.620003,64.83000200000001,56.485572999999995,1260100
118,2008-05-01,1385.969971,1410.069946,1383.069946,1409.339966,1409.339966,4448780000,63.889998999999996,65.739998,63.880001,65.68,57.226166000000006,1035100
119,2008-05-02,1409.160034,1422.719971,1406.25,1413.900024,1413.900024,3953030000,65.660004,66.050003,62.57,63.66,55.466170999999996,3660900
120,2008-05-05,1415.339966,1415.339966,1404.369995,1407.48999,1407.48999,3410090000,63.509997999999996,63.700001,61.279999,62.130001,54.133099,3239300
121,2008-05-06,1405.599976,1421.569946,1397.099976,1418.26001,1418.26001,3924100000,62.099998,62.700001,61.220001,62.599998,54.542614,1821300
122,2008-05-07,1417.48999,1419.540039,1391.160034,1392.569946,1392.569946,4075860000,62.830002,63.07,62.09,62.099998,54.10696,1231800
123,2008-05-08,1394.290039,1402.349976,1389.390015,1397.680054,1397.680054,3827550000,62.209998999999996,64.610001,62.189999,64.610001,56.29389200000001,2359700
124,2008-05-09,1394.900024,1394.900024,1384.109985,1388.280029,1388.280029,3518620000,64.279999,64.980003,63.650002,64.480003,56.180626000000004,2070700
125,2008-05-12,1389.400024,1404.060059,1386.199951,1403.579956,1403.579956,3370630000,64.370003,64.550003,63.66,64.379997,56.093483,1424100
126,2008-05-13,1404.400024,1406.300049,1396.26001,1403.040039,1403.040039,4018590000,64.269997,64.550003,63.349998,63.959998999999996,55.727546999999994,1584100
127,2008-05-14,1405.650024,1420.189941,1405.650024,1408.660034,1408.660034,3979370000,64.110001,64.989998,63.959998999999996,64.190002,55.92795600000001,1961400
128,2008-05-15,1408.359985,1424.400024,1406.869995,1423.569946,1423.569946,3836480000,64.099998,64.099998,62.599998,62.880001,54.786568,3292800
129,2008-05-16,1423.890015,1425.819946,1414.349976,1425.349976,1425.349976,3842590000,62.860001000000004,63.619999,62.560001,63.240002000000004,55.100227000000004,1307900
130,2008-05-19,1425.280029,1440.23999,1421.630005,1426.630005,1426.630005,3683970000,63.139998999999996,63.240002000000004,62.380001,62.59,54.533882,1231000
131,2008-05-20,1424.48999,1424.48999,1409.089966,1413.400024,1413.400024,3854320000,62.41,62.919998,61.970001,62.299999,54.281212,1013000
132,2008-05-21,1414.060059,1419.119995,1388.810059,1390.709961,1390.709961,4517990000,62.299999,63.380001,62.099998,62.48,54.438042,2098900
133,2008-05-22,1390.829956,1399.069946,1390.22998,1394.349976,1394.349976,3955960000,62.200001,63.150002,62.130001,62.970001,54.86497900000001,987400
134,2008-05-23,1392.199951,1392.199951,1373.719971,1375.930054,1375.930054,3516380000,62.799999,62.860001000000004,62.0,62.119999,54.12439300000001,1010900
135,2008-05-27,1375.969971,1387.400024,1373.069946,1385.349976,1385.349976,3588860000,62.07,62.919998,62.07,62.650002,54.586169999999996,904600
136,2008-05-28,1386.540039,1391.25,1378.160034,1390.839966,1390.839966,3927240000,62.560001,63.310001,62.450001,63.130001,55.004387,1770200
137,2008-05-29,1390.5,1406.319946,1388.589966,1398.26001,1398.26001,3894440000,62.900002,63.990002000000004,62.889998999999996,63.759997999999996,55.553298999999996,1179400
138,2008-05-30,1398.359985,1404.459961,1398.079956,1400.380005,1400.380005,3845630000,63.82,64.599998,63.689999,64.550003,56.241604,1224300
139,2008-06-02,1399.619995,1399.619995,1377.790039,1385.670044,1385.670044,3714320000,64.440002,64.889999,62.5,63.220001,55.082802,1396200
140,2008-06-03,1386.420044,1393.119995,1370.119995,1377.650024,1377.650024,4396380000,63.380001,64.220001,63.099998,63.509997999999996,55.335471999999996,1339300
141,2008-06-04,1376.26001,1388.180054,1371.73999,1377.199951,1377.199951,4338640000,63.419998,65.269997,63.400002,65.050003,56.67726500000001,1663900
142,2008-06-05,1377.47998,1404.050049,1377.47998,1404.050049,1404.050049,4350790000,65.150002,65.58000200000001,64.16999799999999,65.540001,57.104191,1528400
143,2008-06-06,1400.060059,1400.060059,1359.900024,1360.680054,1360.680054,4771660000,64.879997,65.290001,63.939999,63.939999,55.710133,1299700
144,2008-06-09,1360.829956,1370.630005,1350.619995,1361.76001,1361.76001,4404570000,64.470001,64.470001,63.130001,63.59,55.405174,815800
145,2008-06-10,1358.97998,1366.839966,1351.560059,1358.439941,1358.439941,4635070000,63.299999,64.260002,63.220001,63.830002,55.614284999999995,899200
146,2008-06-11,1357.089966,1357.089966,1335.469971,1335.48999,1335.48999,4779980000,63.369999,63.650002,62.720001,62.880001,54.786568,882700
147,2008-06-12,1335.780029,1353.030029,1331.290039,1339.869995,1339.869995,4734240000,63.310001,63.869999,62.889998999999996,63.209998999999996,55.074089,1146900
148,2008-06-13,1341.810059,1360.030029,1341.709961,1360.030029,1360.030029,4080420000,63.75,64.510002,63.509997999999996,64.510002,56.206759999999996,1140100
149,2008-06-16,1358.849976,1364.699951,1352.069946,1360.140015,1360.140015,3706940000,63.919998,64.709999,63.349998,64.540001,56.23290600000001,1036400
150,2008-06-17,1360.709961,1366.589966,1350.540039,1350.930054,1350.930054,3801960000,64.660004,64.739998,64.220001,64.309998,56.032509,817500
151,2008-06-18,1349.589966,1349.589966,1333.400024,1337.810059,1337.810059,4573570000,64.029999,64.16999799999999,63.169998,63.259997999999996,55.117641000000006,1027100
152,2008-06-19,1336.890015,1347.660034,1330.5,1342.829956,1342.829956,4811670000,63.200001,64.059998,62.84,63.91,55.683987,1063100
153,2008-06-20,1341.02002,1341.02002,1314.459961,1317.930054,1317.930054,5324900000,63.869999,63.869999,62.360001000000004,62.580002,54.52516899999999,1899200
154,2008-06-23,1319.77002,1323.780029,1315.310059,1318.0,1318.0,4186370000,62.720001,63.0,62.310001,62.810001,54.725563,1358300
155,2008-06-24,1317.22998,1326.02002,1304.420044,1314.290039,1314.290039,4705050000,62.459998999999996,62.799999,61.470001,62.060001,54.07211700000001,1477200
156,2008-06-25,1314.540039,1335.630005,1314.540039,1321.969971,1321.969971,4825640000,62.41,63.07,61.66,62.619999,54.560028,1071800
157,2008-06-26,1316.290039,1316.290039,1283.150024,1283.150024,1283.150024,5231280000,61.669998,62.540001000000004,61.540001000000004,61.540001000000004,53.61904499999999,885600
158,2008-06-27,1283.599976,1289.449951,1272.0,1278.380005,1278.380005,6208260000,61.490002000000004,62.59,61.27,62.259997999999996,54.246365000000004,1821800
159,2008-06-30,1278.060059,1290.310059,1274.859985,1280.0,1280.0,5032330000,62.23,63.77,62.119999,62.880001,54.786568,1322800
160,2008-07-01,1276.689941,1285.310059,1260.680054,1284.910034,1284.910034,5846290000,62.290001000000004,62.720001,61.650002,62.470001,54.429337,1612000
161,2008-07-02,1285.819946,1292.170044,1261.51001,1261.52002,1261.52002,5276090000,62.57,63.639998999999996,62.490002000000004,62.560001,54.507755,884300
162,2008-07-03,1262.959961,1271.47998,1252.01001,1262.900024,1262.900024,3247590000,62.970001,63.32,62.169998,62.5,54.455475,657300
163,2008-07-07,1262.900024,1273.949951,1240.680054,1252.310059,1252.310059,5265420000,62.639998999999996,62.959998999999996,61.5,62.080002,54.089527000000004,1441700
164,2008-07-08,1251.839966,1274.170044,1242.839966,1273.699951,1273.699951,6034110000,61.810001,63.52,61.810001,63.34,55.187366000000004,2521400
165,2008-07-09,1273.380005,1277.359985,1244.569946,1244.689941,1244.689941,5181000000,63.470001,65.0,63.470001,64.32,56.041214000000004,1757600
166,2008-07-10,1245.25,1257.650024,1236.76001,1253.390015,1253.390015,5840430000,64.110001,65.980003,63.880001,65.910004,57.426570999999996,2265000
167,2008-07-11,1248.660034,1257.27002,1225.349976,1239.48999,1239.48999,6742200000,65.279999,66.239998,64.510002,65.639999,57.191311,2915100
168,2008-07-14,1241.609985,1253.5,1225.01001,1228.300049,1228.300049,5434860000,66.33000200000001,66.33000200000001,64.93,65.360001,56.94735,1351500
169,2008-07-15,1226.829956,1234.349976,1200.439941,1214.910034,1214.910034,7363640000,65.529999,67.459999,65.16999799999999,67.099998,58.463393999999994,2724900
170,2008-07-16,1214.650024,1245.52002,1211.390015,1245.359985,1245.359985,6738630000,66.910004,68.550003,66.709999,68.489998,59.674492,2276500
171,2008-07-17,1246.310059,1262.310059,1241.48999,1260.319946,1260.319946,7365210000,68.82,69.0,67.379997,68.410004,59.604778,2538800
172,2008-07-18,1258.219971,1262.22998,1251.810059,1260.680054,1260.680054,5653280000,65.82,65.949997,63.830002,65.449997,57.025753,5370200
173,2008-07-21,1261.819946,1267.73999,1255.699951,1260.0,1260.0,4630640000,65.769997,66.940002,64.300003,64.559998,56.250328,1605400
174,2008-07-22,1257.079956,1277.420044,1248.829956,1277.0,1277.0,6180230000,64.68,66.089996,64.599998,66.0,57.504971,2527300
175,2008-07-23,1278.869995,1291.170044,1276.060059,1282.189941,1282.189941,6705830000,65.139999,65.150002,64.040001,64.41999799999999,56.128344999999996,1584200
176,2008-07-24,1283.219971,1283.219971,1251.47998,1252.540039,1252.540039,6127980000,64.550003,65.019997,64.089996,64.599998,56.285182999999996,1760200
177,2008-07-25,1253.51001,1263.22998,1251.75,1257.76001,1257.76001,4672560000,64.730003,65.25,64.410004,64.889999,56.537856999999995,1341700
178,2008-07-28,1257.76001,1260.089966,1234.369995,1234.369995,1234.369995,4282960000,65.040001,65.040001,63.689999,63.689999,55.492293999999994,947300
179,2008-07-29,1236.380005,1263.199951,1236.380005,1263.199951,1263.199951,5414240000,63.779999,64.540001,63.43,63.950001,55.718849,974500
180,2008-07-30,1264.52002,1284.329956,1264.52002,1284.26001,1284.26001,5631330000,64.110001,65.110001,63.939999,64.699997,56.372288,1227900
181,2008-07-31,1281.369995,1284.930054,1265.969971,1267.380005,1267.380005,5346050000,64.389999,65.220001,64.07,64.190002,55.92795600000001,1906700
182,2008-08-01,1269.420044,1270.52002,1254.540039,1260.310059,1260.310059,4684870000,63.970001,64.730003,62.98,62.98,54.873695,2188400
183,2008-08-04,1253.27002,1260.48999,1247.449951,1249.01001,1249.01001,4562280000,63.049999,64.160004,62.84,64.029999,55.788548,1320900
184,2008-08-05,1254.869995,1284.880005,1254.670044,1284.880005,1284.880005,1219310000,64.599998,65.760002,64.150002,65.760002,57.295849,1562900
185,2008-08-06,1283.98999,1291.670044,1276.0,1289.189941,1289.189941,4873420000,65.760002,66.33000200000001,64.540001,65.860001,57.383003,1180100
186,2008-08-07,1286.51001,1286.51001,1264.290039,1266.069946,1266.069946,5319380000,65.529999,66.290001,65.0,65.260002,56.860241,1567200
187,2008-08-08,1266.290039,1297.849976,1262.109985,1296.319946,1296.319946,4966810000,65.449997,67.339996,65.110001,67.190002,58.541824,1498000
188,2008-08-11,1294.420044,1313.150024,1291.410034,1305.319946,1305.319946,5067310000,67.059998,68.239998,66.83000200000001,67.08000200000001,58.445983999999996,1559100
189,2008-08-12,1304.790039,1304.790039,1285.640015,1289.589966,1289.589966,4711290000,67.050003,67.150002,66.41999799999999,66.529999,57.96674300000001,1494900
190,2008-08-13,1288.640015,1294.030029,1274.859985,1285.829956,1285.829956,4787600000,66.489998,67.059998,66.0,66.540001,57.97546,1234000
191,2008-08-14,1282.109985,1300.109985,1276.839966,1292.930054,1292.930054,4064000000,66.230003,67.370003,65.709999,66.599998,58.02776,928500
192,2008-08-15,1293.849976,1302.050049,1290.73999,1298.199951,1298.199951,4041820000,66.720001,67.050003,65.91999799999999,66.889999,58.280441,919300
193,2008-08-18,1298.140015,1300.219971,1274.51001,1278.599976,1278.599976,3829290000,66.940002,68.0,66.93,67.300003,58.637657,1547400
194,2008-08-19,1276.650024,1276.650024,1263.109985,1266.689941,1266.689941,4159760000,67.07,67.620003,66.989998,67.199997,58.550537,1172500
195,2008-08-20,1267.339966,1276.01001,1261.160034,1274.540039,1274.540039,4555030000,67.519997,67.519997,66.459999,66.839996,58.236858,3663300
196,2008-08-21,1271.069946,1281.400024,1265.219971,1277.719971,1277.719971,4032590000,66.309998,67.449997,66.010002,67.199997,58.550537,1481900
197,2008-08-22,1277.589966,1293.089966,1277.589966,1292.199951,1292.199951,3741070000,67.41999799999999,68.58000200000001,66.779999,68.269997,59.482803000000004,1571000
198,2008-08-25,1290.469971,1290.469971,1264.869995,1266.839966,1266.839966,3420600000,67.849998,68.0,67.190002,67.260002,58.602798,1359100
199,2008-08-26,1267.030029,1275.650024,1263.209961,1271.51001,1271.51001,3587570000,67.25,67.589996,66.809998,67.400002,58.724796,1366700
200,2008-08-27,1271.290039,1285.050049,1270.030029,1281.660034,1281.660034,3499610000,67.410004,67.57,66.809998,67.269997,58.611523,1176100
201,2008-08-28,1283.790039,1300.680054,1283.790039,1300.680054,1300.680054,3854280000,67.489998,68.099998,67.379997,68.099998,59.334681999999994,1107400
202,2008-08-29,1296.48999,1297.589966,1282.73999,1282.829956,1282.829956,3288120000,67.769997,68.480003,67.190002,67.190002,58.541824,1316700
203,2008-09-02,1287.829956,1303.040039,1272.199951,1277.579956,1277.579956,4783560000,67.739998,68.989998,67.040001,67.190002,58.541824,1778500
204,2008-09-03,1276.609985,1280.599976,1265.589966,1274.97998,1274.97998,5056980000,67.18,67.889999,66.690002,67.41999799999999,58.742203,2340300
205,2008-09-04,1271.800049,1271.800049,1232.829956,1236.829956,1236.829956,5212500000,67.489998,67.489998,65.620003,65.760002,57.295849,1914800
206,2008-09-05,1233.209961,1244.939941,1217.22998,1242.310059,1242.310059,5017080000,65.58000200000001,65.58000200000001,64.400002,65.08000200000001,56.70338100000001,1767500
207,2008-09-08,1249.5,1274.420044,1247.119995,1267.790039,1267.790039,7351340000,66.25,67.25,65.5,67.190002,58.541824,2021700
208,2008-09-09,1267.97998,1268.660034,1224.51001,1224.51001,1224.51001,7380630000,67.379997,68.220001,66.720001,66.720001,58.132313,2064800
209,2008-09-10,1227.5,1243.900024,1221.599976,1232.040039,1232.040039,6543440000,66.870003,66.910004,64.660004,64.910004,56.555293999999996,2823900
210,2008-09-11,1229.040039,1249.97998,1211.540039,1249.050049,1249.050049,6869250000,64.690002,65.010002,63.5,64.790001,56.450722,2132600
211,2008-09-12,1245.880005,1255.089966,1233.810059,1251.699951,1251.699951,6273260000,64.529999,64.620003,63.779999,63.990002000000004,55.753704000000006,2305300
212,2008-09-15,1250.920044,1250.920044,1192.699951,1192.699951,1192.699951,8279510000,63.07,64.239998,62.57,63.130001,55.004387,2379500
213,2008-09-16,1188.310059,1214.839966,1169.280029,1213.599976,1213.599976,9459830000,62.549999,63.66,61.939999,63.290001000000004,55.143799,1978000
214,2008-09-17,1210.339966,1210.339966,1155.880005,1156.390015,1156.390015,9431870000,62.259997999999996,63.48,61.560001,61.560001,53.636467,2543400
215,2008-09-18,1157.079956,1211.140015,1133.5,1206.51001,1206.51001,10082690000,62.259997999999996,64.309998,61.119999,63.380001,55.222202,3458600
216,2008-09-19,1213.109985,1265.119995,1213.109985,1255.079956,1255.079956,9387170000,63.799999,65.400002,61.310001,63.799999,55.58815799999999,3959400
217,2008-09-22,1255.369995,1255.369995,1205.609985,1207.089966,1207.089966,5368130000,63.369999,64.459999,63.080002,63.59,55.405174,1220600
218,2008-09-23,1207.609985,1221.150024,1187.060059,1188.219971,1188.219971,5185730000,63.860001000000004,65.360001,63.389998999999996,63.669998,55.47488000000001,2245300
219,2008-09-24,1188.790039,1197.410034,1179.790039,1185.869995,1185.869995,4820360000,63.740002000000004,64.519997,63.48,63.959998999999996,55.727546999999994,1607100
220,2008-09-25,1187.869995,1220.030029,1187.869995,1209.180054,1209.180054,5877640000,64.279999,65.349998,63.0,64.449997,56.154484,1546900
221,2008-09-26,1204.469971,1215.77002,1187.540039,1213.27002,1213.27002,5383610000,63.720001,64.720001,63.459998999999996,64.309998,56.032509,1641000
222,2008-09-29,1209.069946,1209.069946,1106.420044,1106.420044,1106.420044,7305060000,63.669998,64.290001,60.5,61.349998,53.453495,2597300
223,2008-09-30,1113.780029,1168.030029,1113.780029,1166.359985,1166.359985,4937680000,62.48,62.669998,61.169998,62.299999,54.281212,2366100
224,2008-10-01,1164.170044,1167.030029,1140.77002,1161.060059,1161.060059,5782130000,62.110001000000004,63.259997999999996,61.580002,62.700001,54.629715000000004,1453700
225,2008-10-02,1160.640015,1160.640015,1111.430054,1114.280029,1114.280029,6285640000,62.68,62.990002000000004,61.459998999999996,61.509997999999996,53.592895999999996,1999200
226,2008-10-03,1115.160034,1153.819946,1098.140015,1099.22998,1099.22998,6716120000,62.259997999999996,62.919998,60.700001,60.869999,53.035275,1945200
227,2008-10-06,1097.560059,1097.560059,1007.969971,1056.890015,1056.890015,7956020000,59.790001000000004,59.990002000000004,55.060001,57.18,49.820225,4462100
228,2008-10-07,1057.599976,1072.910034,996.22998,996.22998,996.22998,7069210000,57.75,59.209998999999996,56.860001000000004,56.860001000000004,49.541409,3372200
229,2008-10-08,988.909973,1021.059998,970.969971,984.940002,984.940002,8716330000,54.990002000000004,57.360001000000004,53.959998999999996,55.240002000000004,48.129925,2870500
230,2008-10-09,988.419983,1005.25,909.190002,909.919983,909.919983,6819000000,55.650002,56.139998999999996,51.84,51.84,45.167545000000004,3217600
231,2008-10-10,902.309998,936.359985,839.7999880000001,899.2199710000001,899.2199710000001,11456230000,49.599998,55.0,47.799999,51.119999,44.540217999999996,5191500
232,2008-10-13,912.75,1006.929993,912.75,1003.349976,1003.349976,7263370000,52.900002,58.529999,52.0,58.529999,50.996471,2738200
233,2008-10-14,1009.969971,1044.310059,972.070007,998.01001,998.01001,8161990000,60.18,62.48,58.0,59.91,52.198845,3362100
234,2008-10-15,994.599976,994.599976,903.98999,907.840027,907.840027,6542330000,59.0,59.389998999999996,53.290001000000004,53.330002,46.465771000000004,3520700
235,2008-10-16,909.530029,947.710022,865.830017,946.429993,946.429993,7984500000,53.740002000000004,55.25,50.799999,54.75,47.702995,3213800
236,2008-10-17,942.289978,984.640015,918.73999,940.549988,940.549988,6581780000,52.93,53.889998999999996,50.810001,52.189999,45.4725,5271000
237,2008-10-20,943.51001,985.400024,943.51001,985.400024,985.400024,5175640000,52.790001000000004,53.619999,51.689999,53.619999,46.718437,1948700
238,2008-10-21,980.400024,985.440002,952.469971,955.049988,955.049988,5121830000,53.0,53.290001000000004,51.299999,51.389998999999996,44.775475,1481300
239,2008-10-22,951.669983,951.669983,875.8099980000002,896.7800289999999,896.7800289999999,6147980000,50.939999,50.970001,48.490002000000004,49.419998,43.059044,2898800
240,2008-10-23,899.080017,922.830017,858.4400019999998,908.109985,908.109985,7189900000,48.009997999999996,49.580002,45.919998,48.41,42.179039,3584600
241,2008-10-24,895.2199710000001,896.2999880000001,852.849976,876.7700199999998,876.7700199999998,6550050000,46.099998,48.419998,45.369999,47.619999,41.490715,2463200
242,2008-10-27,874.2800289999999,893.7800289999999,846.75,848.919983,848.919983,5558050000,46.93,49.610001000000004,45.869999,48.0,41.8218,3124400
243,2008-10-28,848.919983,940.51001,845.2700199999998,940.51001,940.51001,7096950000,49.07,51.59,48.25,51.43,44.810326,3608300
244,2008-10-29,939.51001,969.969971,922.26001,930.090027,930.090027,7077800000,51.419998,52.959998999999996,49.98,50.580002,44.069721,1866800
245,2008-10-30,939.380005,963.22998,928.5,954.090027,954.090027,6175830000,51.560001,53.0,50.759997999999996,52.540001000000004,45.777458,1970500
246,2008-10-31,953.109985,984.380005,944.590027,968.75,968.75,6394350000,52.48,54.220001,52.439999,53.459998999999996,46.579037,1818400
247,2008-11-03,968.669983,975.570007,958.820007,966.299988,966.299988,4492280000,53.77,54.330002,53.02,54.07,47.110512,1038100
248,2008-11-04,971.309998,1007.51001,971.309998,1005.75,1005.75,5531290000,54.990002000000004,56.220001,54.389998999999996,55.18,48.077637,1428800
249,2008-11-05,1001.840027,1001.840027,949.859985,952.77002,952.77002,5426640000,54.549999,55.66,52.810001,53.009997999999996,46.186951,1360700
250,2008-11-06,952.400024,952.400024,899.7299800000002,904.880005,904.880005,6102230000,52.799999,53.02,50.950001,51.099998,44.522797,2802500
251,2008-11-07,907.440002,931.460022,906.900024,930.98999,930.98999,4931640000,51.080002,51.240002000000004,50.25,50.900002,44.348549,3479300
252,2008-11-10,936.75,951.950012,907.469971,919.210022,919.210022,4572000000,51.720001,52.0,49.02,49.52,43.146159999999995,2743300
253,2008-11-11,917.150024,917.150024,884.900024,898.9500119999999,898.9500119999999,4998340000,49.41,50.080002,48.07,49.119999,42.797641999999996,2851400
254,2008-11-12,893.3900150000002,893.3900150000002,850.4799800000002,852.2999880000001,852.2999880000001,5764180000,48.330002,49.0,47.450001,47.959998999999996,41.786961,2081200
255,2008-11-13,853.1300050000001,913.01001,818.6900019999998,911.289978,911.289978,7849120000,48.139998999999996,48.139998999999996,43.599998,47.700001,41.560417,6473900
256,2008-11-14,904.359985,916.880005,869.8800050000001,873.2899779999998,873.2899779999998,5881030000,47.25,47.73,44.509997999999996,44.59,38.850704,3406700
257,2008-11-17,873.2299800000002,882.2899779999998,848.9799800000002,850.75,850.75,4927490000,44.400002,44.57,43.290001000000004,43.66,38.040409000000004,3113700
258,2008-11-18,852.340027,865.900024,826.840027,859.1199949999999,859.1199949999999,6679470000,43.5,43.5,40.599998,40.830002,35.574673,5340200
259,2008-11-19,859.0300289999999,864.570007,806.179993,806.580017,806.580017,6548600000,40.91,42.110001000000004,38.830002,38.830002,33.832088,6670400
260,2008-11-20,805.869995,820.52002,747.780029,752.4400019999998,752.4400019999998,9093740000,38.639998999999996,39.450001,36.189999,36.48,31.784567,5342900
261,2008-11-21,755.840027,801.200012,741.02002,800.030029,800.030029,9495900000,36.080002,37.75,35.380001,37.389998999999996,32.577457,5301000
262,2008-11-24,801.200012,865.599976,801.200012,851.8099980000002,851.8099980000002,7879440000,37.93,39.5,37.48,38.84,33.840809,3880100
263,2008-11-25,853.400024,868.9400019999998,834.98999,857.3900150000002,857.3900150000002,6952700000,39.610001000000004,40.389998999999996,36.790001000000004,37.599998,32.760422,4232300
264,2008-11-26,852.900024,887.679993,841.3699949999999,887.679993,887.679993,5793260000,36.990002000000004,38.599998,36.990002000000004,38.549999,33.588131,2135300
265,2008-11-28,886.8900150000002,896.25,881.2100220000002,896.23999,896.23999,2740860000,38.450001,40.549999,38.34,38.919998,33.910496,842000
266,2008-12-01,888.6099849999998,888.6099849999998,815.6900019999998,816.210022,816.210022,6052010000,38.740002000000004,38.740002000000004,36.84,36.84,32.098221,2154300
267,2008-12-02,817.9400019999998,850.5399779999998,817.9400019999998,848.8099980000002,848.8099980000002,6170100000,37.450001,38.330002,36.700001,38.130001,33.222190999999995,1991400
268,2008-12-03,843.599976,873.1199949999999,827.599976,870.73999,870.73999,6221880000,37.119999,37.98,36.099998,37.689999,32.838833,3061300
269,2008-12-04,869.75,875.599976,833.599976,845.2199710000001,845.2199710000001,5860390000,37.25,38.060001,36.360001000000004,36.880001,32.133095000000004,2375400
270,2008-12-05,844.429993,879.419983,818.409973,876.070007,876.070007,6165370000,36.91,39.080002,36.310001,38.900002,33.893089,2498000
271,2008-12-08,882.7100220000002,918.570007,882.7100220000002,909.700012,909.700012,6553600000,39.66,42.16,39.66,41.529999,36.184563,4191600
272,2008-12-09,906.47998,916.26001,885.3800050000001,888.669983,888.669983,5693110000,41.240002000000004,41.599998,39.650002,39.84,34.712097,3090900
273,2008-12-10,892.169983,908.27002,885.4500119999999,899.23999,899.23999,5942130000,40.32,40.889998999999996,39.889998999999996,40.540001000000004,35.321999,2426400
274,2008-12-11,898.349976,904.630005,868.7299800000002,873.590027,873.590027,5513840000,40.290001000000004,41.830002,39.860001000000004,40.27,35.086746000000005,2044900
275,2008-12-12,871.7899779999998,883.23999,851.349976,879.7299800000002,879.7299800000002,5959590000,39.349998,40.450001,39.200001,40.0,34.851498,2840300
276,2008-12-15,881.070007,884.6300050000001,857.7199710000001,868.570007,868.570007,4982390000,40.139998999999996,40.330002,38.830002,39.349998,34.285175,1697500
277,2008-12-16,871.5300289999999,914.659973,871.5300289999999,913.179993,913.179993,6009780000,39.950001,41.060001,39.790001000000004,40.91,35.644371,2569200
278,2008-12-17,908.159973,918.849976,895.9400019999998,904.419983,904.419983,5907380000,40.400002,40.720001,39.52,39.630001,34.529137,3337600
279,2008-12-18,905.97998,911.02002,877.4400019999998,885.2800289999999,885.2800289999999,5675000000,39.84,41.299999,39.669998,40.060001,34.90377,2816200
280,2008-12-19,886.9600220000002,905.469971,883.0200199999998,887.8800050000001,887.8800050000001,6705310000,39.110001000000004,40.349998,38.759997999999996,39.02,33.997634999999995,4678000
281,2008-12-22,887.2000119999999,887.3699949999999,857.090027,871.6300050000001,871.6300050000001,4869850000,40.509997999999996,40.889998999999996,38.84,39.91,34.77309,2778900
282,2008-12-23,874.3099980000002,880.4400019999998,860.099976,863.159973,863.159973,4051970000,40.66,40.799999,39.790001000000004,39.889998999999996,34.755660999999996,2373200
283,2008-12-24,863.8699949999999,869.7899779999998,861.4400019999998,868.150024,868.150024,1546550000,39.549999,40.389998999999996,39.549999,40.049999,34.895077,962300
284,2008-12-26,869.51001,873.73999,866.5200199999998,872.7999880000001,872.7999880000001,1880050000,40.0,40.450001,39.560001,39.82,34.69466,995500
285,2008-12-29,872.3699949999999,873.7000119999999,857.070007,869.419983,869.419983,3323430000,39.950001,40.0,38.77,39.349998,34.633072,1803400
286,2008-12-30,870.580017,891.1199949999999,870.580017,890.6400150000002,890.6400150000002,3627800000,39.0,39.650002,38.82,39.400002,34.677067,1966300
287,2008-12-31,890.590027,910.320007,889.669983,903.25,903.25,4172940000,39.540001000000004,40.450001,39.540001000000004,39.950001,35.161133,2453100
288,2009-01-02,902.98999,934.72998,899.349976,931.799988,931.799988,4048270000,40.470001,41.66,39.830002,41.310001,36.358124,2331100
289,2009-01-05,929.169983,936.630005,919.530029,927.450012,927.450012,5413910000,41.189999,41.25,40.400002,40.779999,35.89165900000001,2131600
290,2009-01-06,931.169983,943.849976,927.280029,934.700012,934.700012,5392620000,40.259997999999996,40.470001,38.369999,38.77,34.122589000000005,5170300
291,2009-01-07,927.450012,927.450012,902.369995,906.650024,906.650024,4704940000,38.310001,38.900002,38.0,38.380001,33.779339,2589900
292,2009-01-08,905.72998,910.0,896.8099980000002,909.72998,909.72998,4991550000,38.18,38.66,36.959998999999996,38.580002,33.955364,2972200
293,2009-01-09,909.909973,911.929993,888.3099980000002,890.349976,890.349976,4716500000,40.389998999999996,42.290001000000004,40.049999,40.959998999999996,36.050064,7374300
294,2009-01-12,890.400024,890.400024,864.320007,870.26001,870.26001,4725050000,41.27,41.299999,39.73,39.990002000000004,35.19634600000001,2806900
295,2009-01-13,869.7899779999998,877.0200199999998,862.0200199999998,871.7899779999998,871.7899779999998,5567460000,39.970001,40.900002,39.970001,40.459998999999996,35.61000100000001,2070000
296,2009-01-14,867.2800289999999,867.2800289999999,836.929993,842.6199949999999,842.6199949999999,5407880000,40.43,41.830002,40.0,41.400002,36.437325,4423800
297,2009-01-15,841.98999,851.590027,817.039978,843.73999,843.73999,7807350000,41.34,41.57,40.0,40.919998,36.01485800000001,3119600
298,2009-01-16,844.4500119999999,858.1300050000001,830.659973,850.1199949999999,850.1199949999999,6786040000,41.360001000000004,41.950001,40.18,41.02,36.102878999999994,2794500
299,2009-01-20,849.6400150000002,849.6400150000002,804.469971,805.219971,805.219971,6375230000,41.240002000000004,41.549999,39.459998999999996,39.700001,34.941116,2477200
300,2009-01-21,806.77002,841.7199710000001,804.299988,840.23999,840.23999,6467830000,40.330002,40.799999,39.349998,40.75,35.865238,2258900
301,2009-01-22,839.73999,839.73999,811.289978,827.5,827.5,5843830000,40.18,40.740002000000004,39.799999,40.57,35.70682100000001,2385700
302,2009-01-23,822.159973,838.6099849999998,806.070007,831.950012,831.950012,5832160000,40.150002,40.310001,39.07,39.439999,34.712284000000004,2394500
303,2009-01-26,832.5,852.5300289999999,827.6900019999998,836.570007,836.570007,6039940000,39.18,40.560001,38.720001,39.560001,34.817894,3495800
304,2009-01-27,837.299988,850.4500119999999,835.400024,845.7100220000002,845.7100220000002,5353260000,39.959998999999996,41.529999,39.540001000000004,41.049999,36.129272,3896400
305,2009-01-28,845.7299800000002,877.8599849999998,845.7299800000002,874.090027,874.090027,6199180000,42.529999,44.470001,42.080002,43.240002000000004,38.056763000000004,5111900
306,2009-01-29,868.8900150000002,868.8900150000002,844.150024,845.1400150000002,845.1400150000002,5067060000,41.939999,42.48,41.330002,41.82,36.806984,4008100
307,2009-01-30,845.6900019999998,851.659973,821.669983,825.880005,825.880005,5350580000,41.799999,42.669998,41.799999,42.240002000000004,37.17664,3084400
308,2009-02-02,823.090027,830.780029,812.869995,825.4400019999998,825.4400019999998,5673270000,42.009997999999996,42.18,41.470001,41.799999,36.789383,1591700
309,2009-02-03,825.6900019999998,842.599976,821.97998,838.51001,838.51001,5886310000,41.779999,42.299999,40.900002,42.040001000000004,37.000609999999995,2149200
310,2009-02-04,837.77002,851.849976,829.179993,832.22998,832.22998,6420450000,42.240002000000004,43.0,41.939999,42.119999,37.071022,2022100
311,2009-02-05,831.75,850.5499880000001,819.909973,845.849976,845.849976,6624030000,41.919998,42.16,41.299999,42.0,36.96542,3365900
312,2009-02-06,846.090027,870.75,845.419983,868.599976,868.599976,6484100000,42.099998,43.299999,42.0,42.98,37.82793,2008700
313,2009-02-09,868.23999,875.01001,861.650024,869.8900150000002,869.8900150000002,5574370000,43.02,43.02,41.700001,42.0,36.96542,2076100
314,2009-02-10,866.8699949999999,868.0499880000001,822.98999,827.159973,827.159973,6770170000,41.759997999999996,42.0,40.799999,41.330002,36.375732,2573800
315,2009-02-11,827.409973,838.219971,822.299988,833.73999,833.73999,5926460000,41.610001000000004,42.330002,41.279999,42.169998,37.115025,2247200
316,2009-02-12,829.909973,835.47998,808.0599980000002,835.1900019999998,835.1900019999998,6476460000,41.380001,43.119999,41.240002000000004,43.119999,37.951157,3107000
317,2009-02-13,833.950012,839.429993,825.210022,826.840027,826.840027,5296650000,42.98,43.529999,42.779999,43.189999,38.012753000000004,2378000
318,2009-02-17,818.6099849999998,818.6099849999998,789.169983,789.169983,789.169983,5907820000,42.290001000000004,42.990002000000004,41.459998999999996,41.720001,36.718964,3477400
319,2009-02-18,791.0599980000002,796.169983,780.429993,788.419983,788.419983,5740710000,42.049999,42.200001,41.48,41.869999,36.850994,1943500
320,2009-02-19,787.909973,797.580017,777.030029,778.9400019999998,778.9400019999998,5746940000,41.75,42.099998,40.84,40.959998999999996,36.050064,2868300
321,2009-02-20,775.869995,778.6900019999998,754.25,770.049988,770.049988,8210590000,40.450001,40.580002,39.540001000000004,40.029999,35.231552,4294700
322,2009-02-23,773.25,777.849976,742.369995,743.330017,743.330017,6509300000,40.330002,40.580002,39.139998999999996,39.209998999999996,34.509846,3259900
323,2009-02-24,744.6900019999998,775.48999,744.6900019999998,773.1400150000002,773.1400150000002,7234490000,39.380001,39.810001,38.400002,39.139998999999996,34.448238,3499500
324,2009-02-25,770.6400150000002,780.119995,752.8900150000002,764.900024,764.900024,7483640000,38.150002,39.66,38.150002,39.110001000000004,34.421825,4252200
325,2009-02-26,765.76001,779.419983,751.75,752.830017,752.830017,7599970000,39.560001,40.0,36.27,36.32,31.966267,7826500
326,2009-02-27,749.929993,751.27002,734.52002,735.090027,735.090027,8926480000,36.0,36.25,33.669998,33.669998,29.633934000000004,6828700
327,2009-03-02,729.570007,729.570007,699.700012,700.820007,700.820007,7868290000,32.970001,33.459998999999996,32.189999,32.759997999999996,28.833014000000002,7273100
328,2009-03-03,704.4400019999998,711.669983,692.299988,696.330017,696.330017,7583230000,33.049999,33.799999,32.169998,33.32,29.32589500000001,6016000
329,2009-03-04,698.599976,724.119995,698.599976,712.869995,712.869995,7673620000,33.689999,34.869999,33.040001000000004,34.330002,30.214821,5356200
330,2009-03-05,708.27002,708.27002,677.929993,682.549988,682.549988,7507250000,34.040001000000004,34.040001000000004,32.0,32.259997999999996,28.392947999999997,4998900
331,2009-03-06,684.039978,699.090027,666.789978,683.380005,683.380005,7331830000,32.07,32.43,31.15,32.009997999999996,28.17292,4222100
332,2009-03-09,680.76001,695.27002,672.880005,676.530029,676.530029,7277320000,31.51,32.330002,30.959999,31.190001000000002,27.451214,2912600
333,2009-03-10,679.280029,719.599976,679.280029,719.599976,719.599976,8618330000,31.58,32.389998999999996,31.24,32.130001,28.278532000000002,5309300
334,2009-03-11,719.590027,731.919983,713.849976,721.3599849999998,721.3599849999998,7287810000,31.35,32.34,31.25,31.34,27.583235,3961400
335,2009-03-12,720.8900150000002,752.630005,714.76001,750.73999,750.73999,7326630000,31.42,32.970001,31.32,32.810001,28.87702,3268400
336,2009-03-13,751.969971,758.289978,742.460022,756.549988,756.549988,6787090000,33.060001,33.93,32.549999,33.810001,29.757139000000002,2419100
337,2009-03-16,758.840027,774.530029,753.369995,753.8900150000002,753.8900150000002,7883540000,33.990002000000004,34.59,33.400002,33.509997999999996,29.493114000000002,2335300
338,2009-03-17,753.880005,778.119995,749.929993,778.119995,778.119995,6156800000,33.470001,33.59,32.869999,33.52,29.501917,1661700
339,2009-03-18,776.01001,803.039978,765.6400150000002,794.349976,794.349976,9098450000,33.299999,33.599998,32.77,33.200001,29.220271999999998,3022500
340,2009-03-19,797.919983,803.23999,781.820007,784.039978,784.039978,9033870000,33.57,33.57,31.360001,31.5,27.724056,4177100
341,2009-03-20,784.580017,788.909973,766.200012,768.539978,768.539978,7643720000,31.209999,32.16,30.82,31.530001000000002,27.750462,4153300
342,2009-03-23,772.3099980000002,823.369995,772.3099980000002,822.919983,822.919983,7715770000,32.09,32.59,31.540001,32.59,28.683393,2772500
343,2009-03-24,820.599976,823.650024,805.47998,806.119995,806.119995,6767980000,32.310001,33.549999,32.029999,32.860001000000004,28.921034000000002,4833700
344,2009-03-25,806.8099980000002,826.780029,791.369995,813.880005,813.880005,7687180000,33.400002,34.360001000000004,32.880001,33.580002,29.554712,3927800
345,2009-03-26,814.0599980000002,832.97998,814.0599980000002,832.8599849999998,832.8599849999998,6992960000,34.369999,34.959998999999996,33.630001,34.950001,30.760496000000003,3067300
346,2009-03-27,828.679993,828.679993,813.429993,815.9400019999998,815.9400019999998,5600210000,34.98,34.98,34.119999,34.349998,30.232418,1812300
347,2009-03-30,809.070007,809.070007,779.8099980000002,787.530029,787.530029,5912660000,34.25,34.279999,33.16,33.450001,29.440309999999997,2272500
348,2009-03-31,790.880005,810.47998,790.880005,797.869995,797.869995,6089100000,33.77,34.57,33.540001000000004,34.040001000000004,29.959587,2640300
349,2009-04-01,793.590027,813.619995,783.320007,811.080017,811.080017,6034140000,33.549999,33.889998999999996,32.34,33.080002,29.114658000000002,3272100
350,2009-04-02,814.530029,845.6099849999998,814.530029,834.380005,834.380005,7542810000,33.689999,34.5,33.490002000000004,34.049999,29.968376,2904700
351,2009-04-03,835.130005,842.5,826.700012,842.5,842.5,5855640000,34.139998999999996,34.279999,32.799999,33.290001000000004,29.299482,2365400
352,2009-04-06,839.75,839.75,822.789978,835.47998,835.47998,6210000000,33.27,34.02,33.02,33.720001,29.677937,3176000
353,2009-04-07,834.119995,834.119995,814.530029,815.549988,815.549988,5155580000,33.32,33.450001,32.939999,33.119999,29.149858000000002,2279800
354,2009-04-08,816.76001,828.419983,814.840027,825.159973,825.159973,5938460000,33.299999,34.610001000000004,33.299999,34.360001000000004,30.241219,3348100
355,2009-04-09,829.289978,856.909973,829.289978,856.5599980000002,856.5599980000002,7600710000,34.970001,35.419998,34.490002000000004,34.75,30.584473,2903900
356,2009-04-13,855.330017,864.3099980000002,845.349976,858.7299800000002,858.7299800000002,6434890000,34.900002,35.48,34.470001,35.349998,31.112555,2126400
357,2009-04-14,856.8800050000001,856.8800050000001,840.25,841.5,841.5,7569840000,35.220001,36.650002,35.099998,36.189999,31.851846999999996,3611800
358,2009-04-15,839.4400019999998,852.929993,835.580017,852.0599980000002,852.0599980000002,6241100000,36.110001000000004,36.509997999999996,35.709998999999996,36.419998,32.054283,2772700
359,2009-04-16,854.5399779999998,870.349976,847.0399779999998,865.2999880000001,865.2999880000001,6598670000,36.799999,37.209998999999996,36.41,37.029999,32.591167,2805800
360,2009-04-17,865.179993,875.6300050000001,860.8699949999999,869.599976,869.599976,7352010000,37.189999,38.049999,37.0,37.939999,33.392094,3246100
361,2009-04-20,868.2700199999998,868.2700199999998,832.3900150000002,832.3900150000002,832.3900150000002,6973960000,38.669998,38.669998,36.889998999999996,37.419998,32.934414000000004,3980300
362,2009-04-21,831.25,850.090027,826.830017,850.080017,850.080017,7436490000,36.970001,37.419998,36.330002,37.419998,32.934414000000004,4392500
363,2009-04-22,847.26001,861.7800289999999,840.570007,843.5499880000001,843.5499880000001,7327860000,37.060001,37.900002,36.419998,37.470001,32.978424,3054500
364,2009-04-23,844.6199949999999,852.8699949999999,835.450012,851.919983,851.919983,6563100000,37.740002000000004,37.740002000000004,36.790001000000004,37.450001,32.960815000000004,3220900
365,2009-04-24,853.909973,871.7999880000001,853.909973,866.2299800000002,866.2299800000002,7114440000,37.419998,38.759997999999996,37.209998999999996,38.529999,33.911339,2605700
366,2009-04-27,862.820007,868.830017,854.650024,857.51001,857.51001,5613460000,38.369999,39.119999,38.0,38.68,34.043369,2575900
367,2009-04-28,854.4799800000002,864.4799800000002,847.1199949999999,855.159973,855.159973,6328000000,38.0,38.41,37.59,37.860001000000004,33.321667,2696200
368,2009-04-29,856.849976,882.0599980000002,856.849976,873.6400150000002,873.6400150000002,6101620000,38.310001,39.040001000000004,37.959998999999996,38.650002,34.016971999999996,2044100
369,2009-04-30,876.590027,888.7000119999999,868.51001,872.8099980000002,872.8099980000002,6862540000,39.07,39.59,38.240002000000004,38.709998999999996,34.069786,2344200
370,2009-05-01,872.73999,880.4799800000002,866.099976,877.5200199999998,877.5200199999998,5312170000,38.779999,38.950001,37.869999,38.25,33.664916999999996,1532500
371,2009-05-04,879.2100220000002,907.849976,879.2100220000002,907.23999,907.23999,7038840000,38.59,39.810001,38.59,39.57,34.826694,2441400
372,2009-05-05,906.099976,907.700012,897.340027,903.799988,903.799988,6882860000,39.5,40.0,39.5,39.889998999999996,35.10833,1740200
373,2009-05-06,903.950012,920.280029,903.950012,919.530029,919.530029,8555040000,40.119999,40.619999,39.66,40.34,35.504402,2654100
374,2009-05-07,919.580017,929.580017,901.359985,907.390015,907.390015,9120100000,40.560001,41.32,40.450001,40.790001000000004,35.900452,2759300
375,2009-05-08,909.030029,930.169983,909.030029,929.22998,929.22998,8163280000,40.93,41.610001000000004,40.82,41.549999,36.569351,1871000
376,2009-05-11,922.98999,922.98999,908.679993,909.23999,909.23999,6150600000,40.990002000000004,41.369999,40.59,41.060001,36.138077,1770800
377,2009-05-12,910.52002,915.570007,896.4600220000002,908.349976,908.349976,6871750000,40.5,41.5,39.720001,40.279999,35.45158,3316000
378,2009-05-13,905.400024,905.400024,882.7999880000001,883.919983,883.919983,7091820000,39.75,39.93,38.900002,39.029999,34.351425,2885500
379,2009-05-14,884.23999,898.3599849999998,882.5200199999998,893.070007,893.070007,6134870000,38.860001000000004,39.5,38.779999,39.25,34.545048,2109100
380,2009-05-15,892.76001,896.9699710000001,878.9400019999998,882.8800050000001,882.8800050000001,5439720000,39.23,39.48,38.77,38.990002000000004,34.316219,2086800
381,2009-05-18,886.070007,910.0,886.070007,909.710022,909.710022,5702150000,39.060001,39.48,38.540001000000004,39.41,34.685879,1707700
382,2009-05-19,909.669983,916.390015,905.219971,908.130005,908.130005,6616270000,39.169998,39.799999,39.169998,39.299999,34.58905,1910900
383,2009-05-20,908.619995,924.599976,901.369995,903.469971,903.469971,8205060000,39.59,40.23,39.200001,39.709998999999996,34.949905,2074700
384,2009-05-21,900.419983,900.419983,879.6099849999998,888.330017,888.330017,6019840000,39.310001,39.349998,38.310001,38.75,34.10498,2026700
385,2009-05-22,888.679993,896.650024,883.75,887.0,887.0,5155320000,38.75,38.98,38.220001,38.240002000000004,33.656124,3256200
386,2009-05-26,887.0,911.76001,881.4600220000002,910.330017,910.330017,5667050000,38.200001,39.099998,37.610001000000004,38.779999,34.13139,2072800
387,2009-05-27,909.950012,913.840027,891.8699949999999,893.0599980000002,893.0599980000002,5698800000,38.970001,38.970001,37.900002,37.990002000000004,33.436091999999995,2551400
388,2009-05-28,892.9600220000002,909.450012,887.599976,906.830017,906.830017,5738980000,38.18,38.290001000000004,37.16,37.560001,33.057629,2382100
389,2009-05-29,907.02002,920.02002,903.559998,919.140015,919.140015,6050420000,37.639998999999996,38.450001,37.330002,38.439999,33.832142,2413500
390,2009-06-01,923.26001,947.77002,923.26001,942.869995,942.869995,6370440000,38.98,39.349998,38.759997999999996,39.150002,34.457035,1850000
391,2009-06-02,942.869995,949.380005,938.460022,944.73999,944.73999,5987340000,39.34,40.93,39.029999,40.68,35.803646,2704000
392,2009-06-03,942.51001,942.51001,923.849976,931.76001,931.76001,5323770000,40.630001,41.310001,40.099998,41.080002,36.155693,3389100
393,2009-06-04,932.48999,942.469971,929.320007,942.460022,942.460022,5352890000,41.189999,41.189999,39.889998999999996,40.439999,35.592407,2648500
394,2009-06-05,945.669983,951.690002,934.130005,940.090027,940.090027,5277910000,40.560001,40.869999,40.0,40.48,35.627609,1632300
395,2009-06-08,938.119995,946.330017,926.440002,939.140015,939.140015,4483430000,40.25,40.490002000000004,39.380001,40.02,35.222747999999996,1873400
396,2009-06-09,940.349976,946.919983,936.150024,942.429993,942.429993,4439950000,40.259997999999996,40.779999,40.0,40.630001,35.759628,2065400
397,2009-06-10,942.72998,949.77002,927.969971,939.150024,939.150024,5379420000,40.810001,40.810001,40.220001,40.48,35.627609,1557300
398,2009-06-11,939.039978,956.22998,939.039978,944.890015,944.890015,5500840000,40.459998999999996,41.25,40.310001,40.580002,35.715626,1985100
399,2009-06-12,943.440002,946.299988,935.659973,946.210022,946.210022,4528120000,40.330002,41.099998,40.25,40.799999,35.909256,1616200
400,2009-06-15,942.450012,942.450012,919.650024,923.719971,923.719971,4697880000,40.509997999999996,40.509997999999996,39.110001000000004,39.349998,34.633072,2086400
401,2009-06-16,925.599976,928.0,911.599976,911.969971,911.969971,4951200000,39.400002,39.939999,38.75,38.75,34.10498,2807600
402,2009-06-17,911.890015,918.440002,903.780029,910.710022,910.710022,5523650000,38.75,39.459998999999996,38.75,39.0,34.325024,2263100
403,2009-06-18,910.859985,921.929993,907.940002,918.369995,918.369995,4684010000,39.119999,40.66,39.0,40.27,35.442791,2887400
404,2009-06-19,919.960022,927.090027,915.799988,921.22998,921.22998,5713390000,40.639998999999996,40.720001,40.23,40.32,35.486774,2416700
405,2009-06-22,918.130005,918.130005,893.0399779999998,893.0399779999998,893.0399779999998,4903940000,40.060001,40.610001000000004,39.540001000000004,40.029999,35.231552,2106400
406,2009-06-23,893.4600220000002,898.6900019999998,888.8599849999998,895.099976,895.099976,5071020000,40.259997999999996,40.700001,39.880001,40.32,35.486774,1719000
407,2009-06-24,896.3099980000002,910.849976,896.3099980000002,900.940002,900.940002,4636720000,40.48,40.720001,39.73,40.16,35.345959,2427600
408,2009-06-25,899.4500119999999,921.419983,896.2700199999998,920.26001,920.26001,4911240000,39.959998999999996,41.73,39.779999,41.16,36.226101,2899100
409,2009-06-26,918.840027,922.0,913.030029,918.900024,918.900024,6076660000,41.07,41.290001000000004,40.709998999999996,40.849998,35.953251,4479000
410,2009-06-29,919.859985,927.98999,916.179993,927.22998,927.22998,4211760000,41.0,41.150002,39.939999,40.119999,35.310764,4379300
411,2009-06-30,927.150024,930.01001,912.859985,919.320007,919.320007,4627570000,40.150002,40.349998,39.41,39.740002000000004,34.976310999999995,2443300
412,2009-07-01,920.820007,931.919983,920.820007,923.330017,923.330017,3919400000,40.0,40.02,39.369999,39.75,34.9851,2165100
413,2009-07-02,921.23999,921.23999,896.419983,896.419983,896.419983,3931000000,39.43,39.650002,38.459998999999996,38.459998999999996,33.849751,1957400
414,2009-07-06,894.2700199999998,898.7199710000001,886.3599849999998,898.7199710000001,898.7199710000001,4712580000,38.349998,39.27,38.259997999999996,38.98,34.307415,1427600
415,2009-07-07,898.599976,898.599976,879.929993,881.0300289999999,881.0300289999999,4673300000,38.990002000000004,38.990002000000004,38.099998,38.119999,33.550514,1740400
416,2009-07-08,881.900024,886.7999880000001,869.320007,879.5599980000002,879.5599980000002,5721780000,38.349998,38.349998,37.509997999999996,37.759997999999996,33.23365,1727800
417,2009-07-09,881.2800289999999,887.8599849999998,878.4500119999999,882.679993,882.679993,4347170000,38.77,38.990002000000004,37.139998999999996,37.389998999999996,32.908012,2204000
418,2009-07-10,880.0300289999999,883.570007,872.8099980000002,879.1300050000001,879.1300050000001,3912080000,37.25,37.75,37.240002000000004,37.470001,32.978424,2000600
419,2009-07-13,879.570007,901.049988,875.320007,901.049988,901.049988,4499440000,37.650002,38.810001,37.279999,38.549999,33.928963,2426000
420,2009-07-14,900.77002,905.840027,896.5,905.840027,905.840027,4149030000,38.669998,38.669998,38.029999,38.259997999999996,33.673721,2358200
421,2009-07-15,910.150024,933.950012,910.150024,932.679993,932.679993,5238830000,38.529999,39.080002,38.34,39.07,34.386635,2052600
422,2009-07-16,930.169983,943.960022,927.450012,940.73999,940.73999,4898640000,39.080002,40.259997999999996,38.810001,40.080002,35.27555800000001,2260000
423,2009-07-17,940.559998,941.890015,934.650024,940.380005,940.380005,5141380000,40.09,40.09,39.150002,39.369999,34.650673,2165900
424,2009-07-20,942.070007,951.619995,940.98999,951.130005,951.130005,4853150000,39.610001000000004,39.700001,39.080002,39.529999,34.791481,1903600
425,2009-07-21,951.969971,956.530029,943.219971,954.580017,954.580017,5309300000,39.849998,40.259997999999996,39.09,39.639998999999996,34.888298,2953100
426,2009-07-22,953.400024,959.830017,947.75,954.070007,954.070007,4634100000,39.380001,39.560001,38.59,38.700001,34.060982,3626300
427,2009-07-23,954.070007,979.419983,953.27002,976.289978,976.289978,5761650000,38.630001,40.220001,38.509997999999996,39.380001,34.65947,3062400
428,2009-07-24,972.159973,979.789978,965.950012,979.26001,979.26001,4458300000,39.259997999999996,39.66,39.07,39.560001,34.817894,2822500
429,2009-07-27,978.630005,982.48999,972.289978,982.179993,982.179993,4631290000,39.57,39.860001000000004,39.029999,39.189999,34.492252,2466600
430,2009-07-28,981.47998,982.349976,969.349976,979.619995,979.619995,5490350000,39.18,39.57,38.810001,39.0,34.325024,3579400
431,2009-07-29,977.659973,977.76001,968.650024,975.150024,975.150024,5178770000,38.830002,38.939999,37.389998999999996,38.73,34.087376,3015800
432,2009-07-30,976.01001,996.679993,976.01001,986.75,986.75,6035180000,39.150002,39.700001,38.75,39.139998999999996,34.448238,2321000
433,2009-07-31,986.799988,993.179993,982.849976,987.47998,987.47998,5139070000,38.950001,39.630001,38.849998,38.880001,34.219406,2100100
434,2009-08-03,990.219971,1003.609985,990.219971,1002.630005,1002.630005,5603440000,39.240002000000004,39.599998,38.709998999999996,39.439999,34.712284000000004,2794400
435,2009-08-04,1001.409973,1007.119995,996.679993,1005.650024,1005.650024,5713700000,39.27,40.84,39.27,40.84,35.944466,3390900
436,2009-08-05,1005.409973,1006.640015,994.309998,1002.719971,1002.719971,7242120000,40.93,41.0,40.080002,40.150002,35.33717,3508300
437,2009-08-06,1004.059998,1008.0,992.48999,997.080017,997.080017,6753380000,40.099998,40.369999,39.849998,40.209998999999996,35.389977,1923500
438,2009-08-07,999.830017,1018.0,999.830017,1010.47998,1010.47998,6827090000,40.439999,40.759997999999996,40.169998,40.209998999999996,35.389977,1854500
439,2009-08-10,1008.890015,1010.119995,1000.98999,1007.099976,1007.099976,5406080000,40.209998999999996,41.169998,40.009997999999996,41.099998,36.173297999999996,1521800
440,2009-08-11,1005.77002,1005.77002,992.400024,994.349976,994.349976,5773160000,41.02,41.310001,40.810001,40.939999,36.032471,1803300
441,2009-08-12,994.0,1012.780029,993.359985,1005.809998,1005.809998,5498170000,40.939999,41.220001,40.400002,40.689999,35.81243900000001,1636600
442,2009-08-13,1005.859985,1013.140015,1000.820007,1012.72998,1012.72998,5250660000,40.740002000000004,40.740002000000004,39.959998999999996,40.209998999999996,35.389977,2490600
443,2009-08-14,1012.22998,1012.599976,994.599976,1004.090027,1004.090027,4940750000,40.169998,40.610001000000004,39.799999,40.16,35.345959,2225600
444,2009-08-17,998.179993,998.179993,978.51001,979.72998,979.72998,4088570000,39.990002000000004,40.189999,39.650002,39.75,34.9851,1520900
445,2009-08-18,980.619995,991.200012,980.619995,989.669983,989.669983,4198970000,39.84,39.860001000000004,39.5,39.77,35.002720000000004,1798800
446,2009-08-19,986.880005,999.609985,980.619995,996.460022,996.460022,4257000000,39.560001,40.110001000000004,39.400002,39.91,35.12595,2005300
447,2009-08-20,996.409973,1008.919983,996.390015,1007.369995,1007.369995,4893160000,40.139998999999996,41.27,39.73,41.040001000000004,36.120490999999994,2571200
448,2009-08-21,1009.059998,1027.589966,1009.059998,1026.130005,1026.130005,5885550000,41.470001,41.950001,41.139998999999996,41.759997999999996,36.754173,1943000
449,2009-08-24,1026.589966,1035.819946,1022.47998,1025.569946,1025.569946,6302450000,41.610001000000004,42.0,41.169998,41.560001,36.57814000000001,1895200
450,2009-08-25,1026.630005,1037.75,1026.209961,1028.0,1028.0,5768740000,41.610001000000004,41.919998,41.049999,41.099998,36.173297999999996,2334400
451,2009-08-26,1027.349976,1032.469971,1021.570007,1028.119995,1028.119995,5080060000,41.049999,41.810001,41.009997999999996,41.450001,36.481339,1804500
452,2009-08-27,1027.810059,1033.329956,1016.200012,1030.97998,1030.97998,5785880000,41.32,41.580002,40.98,41.419998,36.454929,1066900
453,2009-08-28,1031.619995,1039.469971,1023.130005,1028.930054,1028.930054,5785780000,41.419998,41.48,40.889998999999996,41.09,36.164482,1919400
454,2009-08-31,1025.209961,1025.209961,1014.619995,1020.619995,1020.619995,5004560000,40.880001,41.459998999999996,40.779999,41.459998999999996,36.490131,3085400
455,2009-09-01,1019.52002,1028.449951,996.280029,998.039978,998.039978,6862360000,41.419998,42.310001,41.060001,41.299999,36.349315999999995,2705900
456,2009-09-02,996.070007,1000.340027,991.969971,994.75,994.75,5842730000,41.060001,41.490002000000004,41.040001000000004,41.380001,36.41972,2604200
457,2009-09-03,996.119995,1003.429993,992.25,1003.23999,1003.23999,4624280000,41.450001,42.5,41.169998,42.470001,37.379051000000004,2933800
458,2009-09-04,1003.840027,1016.47998,1001.650024,1016.400024,1016.400024,4097370000,42.41,43.869999,42.41,43.470001,38.259201000000004,3186700
459,2009-09-08,1018.669983,1026.069946,1018.669983,1025.390015,1025.390015,5235160000,43.52,43.689999,43.130001,43.349998,38.153572,2305900
460,2009-09-09,1025.359985,1036.339966,1023.969971,1033.369995,1033.369995,5202550000,44.48,45.5,44.369999,45.200001,39.781818,3624400
461,2009-09-10,1032.98999,1044.140015,1028.040039,1044.140015,1044.140015,5191380000,45.389998999999996,45.939999,45.029999,45.84,40.3451,2467600
462,2009-09-11,1043.920044,1048.180054,1038.400024,1042.72998,1042.72998,4922600000,45.919998,46.220001,45.580002,46.02,40.503521,2851900
463,2009-09-14,1040.150024,1049.73999,1035.0,1049.339966,1049.339966,4979610000,46.139998999999996,46.82,45.599998,46.82,41.207619,2836700
464,2009-09-15,1049.030029,1056.040039,1043.420044,1052.630005,1052.630005,6185620000,46.790001000000004,47.68,46.619999,47.580002,41.876526,3915800
465,2009-09-16,1053.98999,1068.76001,1052.869995,1068.76001,1068.76001,6793530000,47.549999,47.740002000000004,47.009997999999996,47.68,41.964554,3503900
466,2009-09-17,1067.869995,1074.77002,1061.199951,1065.48999,1065.48999,6668110000,47.380001,47.689999,47.060001,47.689999,41.973331,3818600
467,2009-09-18,1066.599976,1071.52002,1064.27002,1068.300049,1068.300049,5607970000,47.630001,48.099998,47.16,47.16,41.506865999999995,10709000
468,2009-09-21,1067.140015,1067.280029,1057.459961,1064.660034,1064.660034,4615280000,47.290001000000004,47.799999,46.82,47.099998,41.454056,3056900
469,2009-09-22,1066.349976,1073.810059,1066.349976,1071.660034,1071.660034,5246600000,47.119999,47.220001,46.43,46.650002,41.058006,2276800
470,2009-09-23,1072.689941,1080.150024,1060.390015,1060.869995,1060.869995,5531930000,45.830002,46.66,44.689999,45.919998,40.415504,3715300
471,2009-09-24,1062.560059,1066.290039,1045.849976,1050.780029,1050.780029,5505610000,45.919998,45.950001,45.139998999999996,45.5,40.045856,1942200
472,2009-09-25,1049.47998,1053.469971,1041.170044,1044.380005,1044.380005,4507090000,45.32,45.84,45.150002,45.169998,39.755417,1719300
473,2009-09-28,1045.380005,1065.130005,1045.380005,1062.97998,1062.97998,3726950000,45.23,46.150002,45.009997999999996,45.939999,40.433121,1788100
474,2009-09-29,1063.689941,1069.619995,1057.829956,1060.609985,1060.609985,4949900000,45.93,46.099998,45.439999,45.630001,40.16027800000001,2134600
475,2009-09-30,1061.02002,1063.400024,1046.469971,1057.079956,1057.079956,5998860000,45.669998,45.849998,45.0,45.43,39.984245,2797100
476,2009-10-01,1054.910034,1054.910034,1029.449951,1029.849976,1029.849976,5791450000,45.080002,45.189999,44.200001,44.23,38.928093,2003000
477,2009-10-02,1029.709961,1030.599976,1019.950012,1025.209961,1025.209961,5583240000,44.040001000000004,44.259997999999996,43.490002000000004,43.93,38.664047,1593200
478,2009-10-05,1026.869995,1042.579956,1025.920044,1040.459961,1040.459961,4313310000,43.990002000000004,44.619999,43.52,44.540001000000004,39.200935,1428500
479,2009-10-06,1042.02002,1060.550049,1042.02002,1054.719971,1054.719971,5029840000,44.139998999999996,44.919998,42.740002000000004,44.630001,39.28014,4114800
480,2009-10-07,1053.650024,1058.02002,1050.099976,1057.579956,1057.579956,4238220000,44.18,44.73,44.02,44.610001000000004,39.26255,1929400
481,2009-10-08,1060.030029,1070.670044,1060.030029,1065.47998,1065.47998,4988400000,44.5,45.200001,44.5,44.619999,39.27133900000001,1908000
482,2009-10-09,1065.280029,1071.51001,1063.0,1071.48999,1071.48999,3763780000,44.720001,45.75,44.48,45.52,40.063454,2234100
483,2009-10-12,1071.630005,1079.459961,1071.630005,1076.189941,1076.189941,3710430000,45.419998,45.939999,45.16,45.400002,39.957851,1228000
484,2009-10-13,1074.959961,1075.300049,1066.709961,1073.189941,1073.189941,4320480000,45.25,45.540001000000004,45.169998,45.34,39.905029,1029500
485,2009-10-14,1078.680054,1093.170044,1078.680054,1092.02002,1092.02002,5406420000,45.52,46.009997999999996,45.459998999999996,45.919998,40.415504,1452000
486,2009-10-15,1090.359985,1096.560059,1086.410034,1096.560059,1096.560059,5369780000,45.75,46.150002,45.599998,46.150002,40.617934999999996,1644500
487,2009-10-16,1094.670044,1094.670044,1081.530029,1087.680054,1087.680054,4894740000,45.66,45.91,45.23,45.360001000000004,39.922634,2218100
488,2009-10-19,1088.219971,1100.170044,1086.47998,1097.910034,1097.910034,4619240000,45.509997999999996,46.27,45.220001,46.150002,40.617934999999996,1462100
489,2009-10-20,1098.640015,1098.640015,1086.160034,1091.060059,1091.060059,5396930000,46.080002,46.080002,44.73,45.279999,39.85223,3283700
490,2009-10-21,1090.359985,1101.359985,1080.77002,1081.400024,1081.400024,5616290000,47.18,49.5,46.900002,47.990002000000004,42.23737,8404400
491,2009-10-22,1080.959961,1095.209961,1074.310059,1092.910034,1092.910034,5192410000,48.25,49.200001,47.709998999999996,48.950001,43.082298,3120400
492,2009-10-23,1095.619995,1095.829956,1075.48999,1079.599976,1079.599976,4767460000,49.049999,49.130001,47.860001000000004,48.029999,42.272594,2142700
493,2009-10-26,1080.359985,1091.75,1065.22998,1066.949951,1066.949951,6363380000,48.139998999999996,49.049999,47.619999,47.919998,42.175758,1929500
494,2009-10-27,1067.540039,1072.47998,1060.619995,1063.410034,1063.410034,5337380000,47.869999,48.380001,47.41,48.02,42.263779,1754400
495,2009-10-28,1061.51001,1063.26001,1042.189941,1042.630005,1042.630005,6600350000,47.889998999999996,48.189999,45.360001000000004,46.0,40.485931,6186200
496,2009-10-29,1043.689941,1066.829956,1043.689941,1066.109985,1066.109985,5595040000,46.5,47.759997999999996,46.419998,47.240002000000004,41.577282000000004,4451900
497,2009-10-30,1065.410034,1065.410034,1033.380005,1036.189941,1036.189941,6512420000,47.189999,47.240002000000004,45.810001,46.0,40.485931,3199900
498,2009-11-02,1036.180054,1052.180054,1029.380005,1042.880005,1042.880005,6202640000,46.360001000000004,47.009997999999996,46.16,46.900002,41.27803,2369600
499,2009-11-03,1040.920044,1046.359985,1033.939941,1045.410034,1045.410034,5487500000,46.73,47.009997999999996,46.259997999999996,46.580002,40.996390999999996,1564100
500,2009-11-04,1047.140015,1061.0,1045.150024,1046.5,1046.5,5635510000,46.990002000000004,47.169998,46.560001,46.73,41.128407,1412400
501,2009-11-05,1047.300049,1066.650024,1047.300049,1066.630005,1066.630005,4848350000,46.93,47.869999,46.900002,47.790001000000004,42.061355999999996,1137300
502,2009-11-06,1064.949951,1071.47998,1059.319946,1069.300049,1069.300049,4277130000,47.57,47.869999,47.139998999999996,47.43,41.744503,1127800
503,2009-11-09,1072.310059,1093.189941,1072.310059,1093.079956,1093.079956,4460030000,47.709998999999996,48.470001,47.27,48.470001,42.659855,1279700
504,2009-11-10,1091.859985,1096.420044,1087.400024,1093.01001,1093.01001,4394770000,48.450001,48.939999,48.360001000000004,48.810001,42.959076,1172300
505,2009-11-11,1096.040039,1105.369995,1093.810059,1098.51001,1098.51001,4286700000,49.040001000000004,49.700001,48.84,49.380001,43.460743,1670700
506,2009-11-12,1098.310059,1101.969971,1084.900024,1087.23999,1087.23999,4160250000,49.5,49.779999,49.049999,49.25,43.346336,1672900
507,2009-11-13,1087.589966,1097.790039,1085.329956,1093.47998,1093.47998,3792610000,49.130001,49.330002,48.84,49.16,43.267132000000004,1205700
508,2009-11-16,1094.130005,1113.689941,1094.130005,1109.300049,1109.300049,4565850000,49.349998,49.619999,49.119999,49.41,43.575794,1102100
509,2009-11-17,1109.219971,1110.52002,1102.189941,1110.319946,1110.319946,3824070000,49.32,49.48,48.990002000000004,49.34,43.514057,802300
510,2009-11-18,1109.439941,1111.099976,1102.699951,1109.800049,1109.800049,4293340000,49.220001,49.490002000000004,49.040001000000004,49.23,43.417061,778500
511,2009-11-19,1106.439941,1106.439941,1088.400024,1094.900024,1094.900024,4178030000,48.91,48.939999,48.330002,48.82,43.055454,998100
512,2009-11-20,1094.660034,1094.660034,1086.810059,1091.380005,1091.380005,3751230000,48.790001000000004,48.84,48.049999,48.73,42.976093,1427500
513,2009-11-23,1094.859985,1112.380005,1094.859985,1106.23999,1106.23999,3827920000,48.880001,49.830002,48.77,49.52,43.67281,1014700
514,2009-11-24,1105.829956,1107.560059,1097.630005,1105.650024,1105.650024,3700820000,49.540001000000004,50.099998,49.400002,50.0,44.096142,1913500
515,2009-11-25,1106.48999,1111.180054,1104.75,1110.630005,1110.630005,3036350000,49.950001,50.52,49.75,50.389998999999996,44.440075,1024500
516,2009-11-27,1105.469971,1105.469971,1083.73999,1091.48999,1091.48999,2362910000,49.34,49.959998999999996,49.07,49.689999,43.822727,475400
517,2009-11-30,1091.069946,1097.23999,1086.25,1095.630005,1095.630005,3895520000,51.130001,51.32,49.75,50.400002,44.448906,2435600
518,2009-12-01,1098.890015,1112.280029,1098.890015,1108.859985,1108.859985,4249310000,50.540001000000004,51.049999,50.400002,50.759997999999996,44.766388,1554300
519,2009-12-02,1109.030029,1115.579956,1105.290039,1109.23999,1109.23999,3941340000,50.869999,51.310001,50.810001,51.240002000000004,45.189724,2264500
520,2009-12-03,1110.589966,1117.280029,1098.73999,1099.920044,1099.920044,4810030000,51.5,52.619999,51.32,51.900002,45.77179,2907500
521,2009-12-04,1100.430054,1119.130005,1096.52002,1105.97998,1105.97998,5781140000,52.110001000000004,52.619999,51.389998999999996,51.810001,45.692409999999995,1840900
522,2009-12-07,1105.52002,1110.719971,1100.829956,1103.25,1103.25,4103360000,51.91,52.23,51.5,51.709998999999996,45.604225,1526300
523,2009-12-08,1103.040039,1103.040039,1088.609985,1091.939941,1091.939941,4748030000,51.529999,51.529999,50.900002,51.43,45.357277,1211600
524,2009-12-09,1091.069946,1097.040039,1085.890015,1095.949951,1095.949951,4115410000,51.259997999999996,51.509997999999996,50.400002,50.830002,44.82814000000001,2253300
525,2009-12-10,1098.689941,1106.25,1098.689941,1102.349976,1102.349976,3996490000,51.18,52.029999,50.98,51.41,45.339634000000004,2303200
526,2009-12-11,1103.959961,1108.5,1101.339966,1106.410034,1106.410034,3791090000,51.52,51.650002,51.080002,51.259997999999996,45.207355,1426800
527,2009-12-14,1107.839966,1114.76001,1107.839966,1114.109985,1114.109985,4548490000,51.439999,52.150002,51.439999,51.98,45.842339,1883800
528,2009-12-15,1114.109985,1114.109985,1105.349976,1107.930054,1107.930054,5045100000,51.779999,52.389998999999996,51.630001,51.950001,45.81588,1331200
529,2009-12-16,1108.609985,1116.209961,1107.959961,1109.180054,1109.180054,4829820000,51.889998999999996,52.66,51.77,52.200001,46.036358,2261300
530,2009-12-17,1106.359985,1106.359985,1095.880005,1096.079956,1096.079956,7615070000,51.91,52.130001,50.400002,50.68,44.695839,1898500
531,2009-12-18,1097.859985,1103.73999,1093.880005,1102.469971,1102.469971,6325890000,50.860001000000004,50.939999,50.009997999999996,50.5,44.53709,2457000
532,2009-12-21,1105.310059,1117.680054,1105.310059,1114.050049,1114.050049,3977340000,50.900002,51.48,50.759997999999996,51.040001000000004,45.013332,1346100
533,2009-12-22,1114.51001,1120.27002,1114.51001,1118.02002,1118.02002,3641130000,50.82,51.259997999999996,50.5,51.040001000000004,45.013332,1438000
534,2009-12-23,1118.839966,1121.579956,1116.0,1120.589966,1120.589966,3166870000,50.919998,51.290001000000004,50.740002000000004,50.91,44.898682,1725000
535,2009-12-24,1121.079956,1126.47998,1121.079956,1126.47998,1126.47998,1267710000,50.799999,51.310001,50.799999,51.130001,45.092696999999994,473900
536,2009-12-28,1127.530029,1130.380005,1123.51001,1127.780029,1127.780029,2716400000,51.32,51.360001000000004,50.810001,51.169998,45.260760999999995,1004700
537,2009-12-29,1128.550049,1130.380005,1126.079956,1126.199951,1126.199951,2491020000,51.060001,51.299999,50.740002000000004,50.950001,45.066165999999996,2339700
538,2009-12-30,1125.530029,1126.420044,1121.939941,1126.420044,1126.420044,2277300000,50.860001000000004,50.970001,50.470001,50.790001000000004,44.924652,2320600
539,2009-12-31,1126.599976,1127.640015,1114.810059,1115.099976,1115.099976,2076990000,50.700001,50.959998999999996,50.369999,50.369999,44.553154,1115200
540,2010-01-04,1116.560059,1133.869995,1116.560059,1132.98999,1132.98999,3991400000,51.279999,52.27,50.830002,52.16,46.136435999999996,3982800
541,2010-01-05,1132.660034,1136.630005,1129.660034,1136.52002,1136.52002,2491020000,52.330002,52.689999,51.93,52.650002,46.569866,2238300
542,2010-01-06,1135.709961,1139.189941,1133.949951,1137.140015,1137.140015,4972660000,52.66,53.529999,52.5,53.459998999999996,47.286308,3250400
543,2010-01-07,1136.27002,1142.459961,1131.319946,1141.689941,1141.689941,5270680000,53.349998,55.360001000000004,53.349998,55.25,48.869595000000004,4095500
544,2010-01-08,1140.52002,1145.390015,1136.219971,1144.97998,1144.97998,4389590000,55.68,56.119999,55.209998999999996,55.419998,49.019958,3535500
545,2010-01-11,1145.959961,1149.73999,1142.02002,1146.97998,1146.97998,4255780000,55.759997999999996,55.849998,54.98,55.25,48.869595000000004,2164800
546,2010-01-12,1143.810059,1143.810059,1131.77002,1136.219971,1136.219971,4716160000,54.700001,55.380001,54.380001,55.209998999999996,48.834209,2884700
547,2010-01-13,1137.310059,1148.400024,1133.180054,1145.680054,1145.680054,4170360000,55.150002,55.639998999999996,55.02,55.470001,49.064182,1770600
548,2010-01-14,1145.680054,1150.410034,1143.800049,1148.459961,1148.459961,3915200000,55.529999,56.119999,55.41,56.02,49.55067800000001,1627200
549,2010-01-15,1147.719971,1147.77002,1131.390015,1136.030029,1136.030029,4758730000,55.98,56.040001000000004,55.43,56.029999,49.559513,2935500
550,2010-01-19,1136.030029,1150.449951,1135.77002,1150.22998,1150.22998,4724830000,56.23,57.389998999999996,56.23,56.959998999999996,50.382111,2577700
551,2010-01-20,1147.949951,1147.949951,1129.25,1138.040039,1138.040039,4810560000,56.82,57.369999,55.59,55.93,49.471077,2593100
552,2010-01-21,1138.680054,1141.579956,1114.839966,1116.47998,1116.47998,6874290000,55.84,55.970001,54.5,54.73,48.409649,2411000
553,2010-01-22,1115.48999,1115.48999,1090.180054,1091.76001,1091.76001,6208650000,54.450001,55.189999,53.98,54.040001000000004,47.799324,2588900
554,2010-01-25,1092.400024,1102.969971,1092.400024,1096.780029,1096.780029,4481390000,54.27,54.880001,53.810001,54.439999,48.153121999999996,2314000
555,2010-01-26,1095.800049,1103.689941,1089.859985,1092.170044,1092.170044,4731910000,54.299999,55.040001000000004,53.900002,54.560001,48.259285,2183300
556,2010-01-27,1091.939941,1099.51001,1083.109985,1097.5,1097.5,5319120000,53.610001000000004,53.970001,51.73,52.91,46.79982800000001,4063900
557,2010-01-28,1096.930054,1100.219971,1078.459961,1084.530029,1084.530029,5452400000,52.959998999999996,53.200001,51.77,52.189999,46.162968,3360100
558,2010-01-29,1087.609985,1096.449951,1071.589966,1073.869995,1073.869995,5412850000,52.43,52.57,51.599998,51.919998,45.924141,3632400
559,2010-02-01,1073.890015,1089.380005,1073.890015,1089.189941,1089.189941,4077610000,52.220001,52.220001,51.599998,52.200001,46.171818,1323800
560,2010-02-02,1090.050049,1104.72998,1087.959961,1103.319946,1103.319946,4749540000,52.34,53.290001000000004,52.060001,53.150002,47.012112,2113600
561,2010-02-03,1100.670044,1102.719971,1093.969971,1097.280029,1097.280029,4285450000,53.02,53.02,52.419998,52.540001000000004,46.472561,1353700
562,2010-02-04,1097.25,1097.25,1062.780029,1063.109985,1063.109985,5859690000,52.150002,52.189999,51.07,51.09,45.190002,4333900
563,2010-02-05,1064.119995,1067.130005,1044.5,1066.189941,1066.189941,6438900000,50.990002000000004,51.23,49.849998,51.060001,45.163467,3187300
564,2010-02-08,1065.51001,1071.199951,1056.51001,1056.73999,1056.73999,4089820000,51.139998999999996,51.98,50.93,51.43,45.490738,2219000
565,2010-02-09,1060.060059,1079.280029,1060.060059,1070.52002,1070.52002,5114260000,51.959998999999996,52.450001,51.529999,51.91,45.91531,1910200
566,2010-02-10,1069.680054,1073.670044,1059.339966,1068.130005,1068.130005,4251450000,51.93,52.099998,51.290001000000004,51.619999,45.658787,1461600
567,2010-02-11,1067.099976,1080.040039,1060.589966,1078.469971,1078.469971,4400870000,51.419998,52.389998999999996,51.150002,52.169998,46.145283,1778500
568,2010-02-12,1075.949951,1077.810059,1062.969971,1075.51001,1075.51001,4160680000,51.66,52.259997999999996,51.369999,52.060001,46.047977,1657600
569,2010-02-16,1079.130005,1095.670044,1079.130005,1094.869995,1094.869995,4080770000,52.25,52.810001,52.060001,52.799999,46.702526,1362300
570,2010-02-17,1096.140015,1101.030029,1094.719971,1099.51001,1099.51001,4259230000,53.0,53.220001,52.799999,53.07,46.941353,1117900
571,2010-02-18,1099.030029,1108.23999,1097.47998,1106.75,1106.75,3878620000,53.0,53.34,52.799999,53.240002000000004,47.091724,1074800
572,2010-02-19,1105.48999,1112.420044,1100.800049,1109.170044,1109.170044,3944280000,52.970001,53.43,52.810001,53.16,47.02095,1227100
573,2010-02-22,1110.0,1112.290039,1105.380005,1108.01001,1108.01001,3814440000,53.360001000000004,53.450001,52.959998999999996,53.09,46.95903,1255300
574,2010-02-23,1107.48999,1108.579956,1092.180054,1094.599976,1094.599976,4521050000,52.91,53.07,52.450001,52.619999,46.543316,1249300
575,2010-02-24,1095.890015,1106.420044,1095.5,1105.23999,1105.23999,4168360000,52.93,52.950001,52.470001,52.889998999999996,46.782127,1094700
576,2010-02-25,1101.23999,1103.5,1086.02002,1102.939941,1102.939941,4521130000,52.07,52.849998,51.84,52.84,46.737915,1332700
577,2010-02-26,1103.099976,1107.23999,1097.560059,1104.48999,1104.48999,3945190000,52.98,53.43,52.75,53.099998,46.96788400000001,1213900
578,2010-03-01,1105.359985,1116.109985,1105.359985,1115.709961,1115.709961,3847640000,53.32,54.080002,53.290001000000004,53.82,47.604735999999995,1031000
579,2010-03-02,1117.01001,1123.459961,1116.51001,1118.310059,1118.310059,4134680000,53.939999,54.77,53.919998,54.459998999999996,48.170826,1092100
580,2010-03-03,1119.359985,1125.640015,1116.579956,1118.790039,1118.790039,3951320000,54.560001,54.779999,54.060001,54.110001000000004,47.861244,1447800
581,2010-03-04,1119.119995,1123.72998,1116.660034,1122.969971,1122.969971,3945010000,54.009997999999996,54.189999,53.790001000000004,54.049999,47.808174,1256500
582,2010-03-05,1125.119995,1139.380005,1125.119995,1138.699951,1138.699951,4133000000,54.23,55.040001000000004,54.209998999999996,55.040001000000004,48.683842,2263400
583,2010-03-08,1138.400024,1141.050049,1136.77002,1138.5,1138.5,3774680000,55.099998,55.240002000000004,54.950001,55.049999,48.692692,1357300
584,2010-03-09,1137.560059,1145.369995,1134.900024,1140.449951,1140.449951,5185570000,54.93,55.07,54.779999,55.0,48.648464000000004,1329800
585,2010-03-10,1140.219971,1148.26001,1140.089966,1145.609985,1145.609985,5469120000,54.939999,55.400002,54.689999,55.290001000000004,48.90498,1566300
586,2010-03-11,1143.959961,1150.23999,1138.98999,1150.23999,1150.23999,4669060000,55.200001,55.790001000000004,54.779999,55.73,49.29417,2422700
587,2010-03-12,1151.709961,1153.410034,1146.969971,1149.98999,1149.98999,4928160000,55.75,55.75,54.470001,55.23,48.85191,2085600
588,2010-03-15,1148.530029,1150.97998,1141.449951,1150.51001,1150.51001,4164110000,55.360001000000004,55.470001,54.98,55.419998,49.019958,1033500
589,2010-03-16,1150.829956,1160.280029,1150.349976,1159.459961,1159.459961,4369770000,55.549999,55.549999,55.060001,55.43,49.028805,1059200
590,2010-03-17,1159.939941,1169.839966,1159.939941,1166.209961,1166.209961,4963200000,55.439999,56.27,55.330002,56.27,49.771805,2233000
591,2010-03-18,1166.130005,1167.77002,1161.160034,1165.829956,1165.829956,4234510000,56.07,56.669998,56.02,56.66,50.116779,1597100
592,2010-03-19,1166.680054,1169.199951,1155.329956,1159.900024,1159.900024,5212410000,56.639998999999996,57.09,56.209998999999996,56.639998999999996,50.099072,1804100
593,2010-03-22,1157.25,1167.819946,1152.880005,1165.810059,1165.810059,4261680000,56.209998999999996,57.25,56.209998999999996,56.849998,50.284821,1847500
594,2010-03-23,1166.469971,1174.719971,1163.829956,1174.170044,1174.170044,4411640000,56.869999,57.009997999999996,56.209998999999996,57.0,50.4175,1365300
595,2010-03-24,1172.699951,1173.040039,1166.01001,1167.719971,1167.719971,4705750000,57.889998999999996,58.240002000000004,57.380001,57.959998999999996,51.266644,2681700
596,2010-03-25,1170.030029,1180.689941,1165.089966,1165.72998,1165.72998,5668900000,58.310001,58.490002000000004,57.68,57.68,51.018974,1713400
597,2010-03-26,1167.579956,1173.930054,1161.47998,1166.589966,1166.589966,4708420000,57.669998,57.68,56.66,56.709998999999996,50.291779,1950700
598,2010-03-29,1167.709961,1174.849976,1167.709961,1173.219971,1173.219971,4375580000,56.830002,57.27,56.759997999999996,57.18,50.708584,1123600
599,2010-03-30,1173.75,1177.829956,1168.920044,1173.27002,1173.27002,4085000000,57.330002,57.619999,57.049999,57.509997999999996,51.00124,1088000
600,2010-03-31,1171.75,1174.560059,1165.77002,1169.430054,1169.430054,4484340000,57.240002000000004,57.599998,56.82,57.220001,50.744057,1251000
601,2010-04-01,1171.22998,1181.430054,1170.689941,1178.099976,1178.099976,4006870000,57.59,57.740002000000004,57.310001,57.650002,51.125397,859200
602,2010-04-05,1178.709961,1187.72998,1178.709961,1187.439941,1187.439941,3881620000,57.740002000000004,58.200001,57.509997999999996,57.849998,51.302761,942200
603,2010-04-06,1186.01001,1191.800049,1182.77002,1189.439941,1189.439941,4086180000,57.790001000000004,57.900002,57.5,57.779999,51.240688,875400
604,2010-04-07,1188.22998,1189.599976,1177.25,1182.449951,1182.449951,5101430000,57.810001,57.93,56.900002,57.169998,50.699718,1416900
605,2010-04-08,1181.75,1188.550049,1175.119995,1186.439941,1186.439941,4726970000,57.189999,57.200001,56.630001,57.099998,50.637638,1087600
606,2010-04-09,1187.469971,1194.660034,1187.150024,1194.369995,1194.369995,4511570000,57.009997999999996,57.639998999999996,57.009997999999996,57.639998999999996,51.116535,618800
607,2010-04-12,1194.939941,1199.199951,1194.709961,1196.47998,1196.47998,4607090000,57.639998999999996,57.950001,57.32,57.639998999999996,51.116535,1068500
608,2010-04-13,1195.939941,1199.040039,1188.819946,1197.300049,1197.300049,5403580000,57.130001,57.560001,56.869999,57.18,50.708584,1950800
609,2010-04-14,1198.689941,1210.650024,1198.689941,1210.650024,1210.650024,5760040000,57.209998999999996,57.830002,56.869999,57.709998999999996,51.178608000000004,1953300
610,2010-04-15,1210.77002,1213.920044,1208.5,1211.670044,1211.670044,5995330000,58.0,58.369999,57.509997999999996,58.09,51.515591,1513400
611,2010-04-16,1210.170044,1210.170044,1186.77002,1192.130005,1192.130005,8108470000,58.049999,58.25,56.84,57.240002000000004,50.761795,1842500
612,2010-04-19,1192.060059,1197.869995,1183.680054,1197.52002,1197.52002,6597740000,57.029999,57.509997999999996,57.029999,57.470001,50.96575900000001,1627800
613,2010-04-20,1199.040039,1208.579956,1199.040039,1207.170044,1207.170044,5316590000,57.709998999999996,58.720001,57.549999,58.450001,51.834846,2116500
614,2010-04-21,1207.160034,1210.98999,1198.849976,1205.939941,1205.939941,5724310000,57.919998,58.439999,57.349998,57.93,51.373703000000006,1997600
615,2010-04-22,1202.52002,1210.27002,1190.189941,1208.670044,1208.670044,6035780000,57.369999,57.82,56.759997999999996,57.720001,51.187473,1896300
616,2010-04-23,1207.869995,1217.280029,1205.099976,1217.280029,1217.280029,5326060000,57.759997999999996,59.009997999999996,57.150002,58.889998999999996,52.225056,3247900
617,2010-04-26,1217.069946,1219.800049,1211.069946,1212.050049,1212.050049,5647760000,59.130001,59.720001,58.709998999999996,58.810001,52.154102,2269200
618,2010-04-27,1209.920044,1211.380005,1181.619995,1183.709961,1183.709961,7454540000,58.73,58.93,57.450001,57.540001000000004,51.02784000000001,2400400
619,2010-04-28,1184.589966,1195.050049,1181.810059,1191.359985,1191.359985,6342310000,57.52,58.349998,57.310001,58.080002,51.506721,1907600
620,2010-04-29,1193.300049,1209.359985,1193.300049,1206.780029,1206.780029,6059410000,58.360001000000004,58.98,58.330002,58.599998,51.967873,1302400
621,2010-04-30,1206.77002,1207.98999,1186.319946,1186.689941,1186.689941,6048260000,58.849998,58.93,57.400002,57.439999,50.939152,2093600
622,2010-05-03,1188.579956,1205.130005,1188.579956,1202.26001,1202.26001,4938050000,57.599998,58.369999,57.220001,58.119999,51.542194,2187900
623,2010-05-04,1197.5,1197.5,1168.119995,1173.599976,1173.599976,6594720000,58.68,58.779999,56.919998,57.450001,50.948032,3484700
624,2010-05-05,1169.23999,1175.949951,1158.150024,1165.869995,1165.869995,6795940000,56.75,57.41,56.75,57.220001,50.744057,2073000
625,2010-05-06,1164.380005,1167.579956,1065.790039,1128.150024,1128.150024,10617810000,56.91,57.279999,53.849998,56.25,49.883839,4144300
626,2010-05-07,1127.040039,1135.130005,1094.150024,1110.880005,1110.880005,9472910000,56.119999,56.119999,53.740002000000004,54.119999,47.994915,4881200
627,2010-05-10,1122.27002,1163.849976,1122.27002,1159.72998,1159.72998,6893700000,56.419998,56.869999,55.560001,56.860001000000004,50.424805,2755400
628,2010-05-11,1156.390015,1170.47998,1147.709961,1155.790039,1155.790039,5842550000,56.299999,57.18,56.09,56.75,50.327255,1849300
629,2010-05-12,1155.430054,1172.869995,1155.430054,1171.670044,1171.670044,5225460000,56.959998999999996,57.220001,56.450001,57.220001,50.744057,1166700
630,2010-05-13,1170.040039,1173.569946,1156.140015,1157.439941,1157.439941,4870640000,57.009997999999996,57.990002000000004,57.009997999999996,57.470001,50.96575900000001,1787000
631,2010-05-14,1157.189941,1157.189941,1126.140015,1135.680054,1135.680054,6126400000,57.709998999999996,57.709998999999996,55.650002,56.459998999999996,50.070065,3243900
632,2010-05-17,1136.52002,1141.880005,1114.959961,1136.939941,1136.939941,5922920000,56.389998999999996,56.889998999999996,55.740002000000004,56.560001,50.158756,2337500
633,2010-05-18,1138.780029,1148.660034,1117.199951,1120.800049,1120.800049,6170840000,57.200001,57.27,55.869999,55.91,49.58231,1241100
634,2010-05-19,1119.569946,1124.27002,1100.660034,1115.050049,1115.050049,6765800000,55.66,56.380001,55.040001000000004,55.720001,49.413834,2236200
635,2010-05-20,1107.339966,1107.339966,1071.579956,1071.589966,1071.589966,8328570000,55.0,55.0,53.310001,53.880001,47.782066,4533600
636,2010-05-21,1067.26001,1090.160034,1055.900024,1087.689941,1087.689941,5452130000,53.23,53.900002,52.18,52.700001,46.735611,5263400
637,2010-05-24,1084.780029,1089.949951,1072.699951,1073.650024,1073.650024,5224040000,52.580002,53.73,52.299999,53.18,47.161289000000004,2787700
638,2010-05-25,1067.420044,1074.75,1040.780029,1074.030029,1074.030029,7329580000,52.02,52.619999,51.220001,52.59,46.638073,2327300
639,2010-05-26,1075.51001,1090.75,1065.589966,1067.949951,1067.949951,4521050000,53.040001000000004,53.369999,52.150002,52.189999,46.283333,2173800
640,2010-05-27,1074.27002,1103.52002,1074.27002,1103.060059,1103.060059,5698460000,52.790001000000004,53.529999,52.529999,53.470001,47.41846500000001,1372900
641,2010-05-28,1102.589966,1102.589966,1084.780029,1089.410034,1089.410034,4871210000,53.34,53.73,52.939999,53.029999,47.028267,1827000
642,2010-06-01,1087.300049,1094.77002,1069.890015,1070.709961,1070.709961,5271480000,52.599998,53.34,52.34,52.419998,46.487305,1737300
643,2010-06-02,1073.01001,1098.560059,1072.030029,1098.380005,1098.380005,5026360000,52.540001000000004,53.709998999999996,52.189999,53.709998999999996,47.63130200000001,1833900
644,2010-06-03,1098.819946,1105.670044,1091.810059,1102.829956,1102.829956,4995970000,53.91,54.349998,53.619999,54.029999,47.915092,1760700
645,2010-06-04,1098.430054,1098.430054,1060.5,1064.880005,1064.880005,6180580000,53.389998999999996,53.389998999999996,51.799999,51.970001,46.088234,2390700
646,2010-06-07,1065.839966,1071.359985,1049.859985,1050.469971,1050.469971,5467560000,51.98,52.169998,50.580002,50.619999,44.891026000000004,3053600
647,2010-06-08,1050.810059,1063.150024,1042.170044,1062.0,1062.0,6192750000,50.709998999999996,50.939999,49.91,50.560001,44.837807,2642000
648,2010-06-09,1062.75,1077.73999,1052.25,1055.689941,1055.689941,5983200000,50.849998,51.0,49.240002000000004,49.48,43.880043,4328200
649,2010-06-10,1058.77002,1087.849976,1058.77002,1086.839966,1086.839966,5144780000,50.139998999999996,50.25,48.759997999999996,49.360001000000004,43.77364,4722700
650,2010-06-11,1082.650024,1092.25,1077.119995,1091.599976,1091.599976,4059280000,49.009997999999996,50.599998,49.0,50.59,44.864414000000004,4198800
651,2010-06-14,1095.0,1105.910034,1089.030029,1089.630005,1089.630005,4425830000,50.75,51.27,50.439999,50.450001,44.74025,2018900
652,2010-06-15,1091.209961,1115.589966,1091.209961,1115.22998,1115.22998,4644490000,50.830002,51.720001,50.68,51.720001,45.866524,2056200
653,2010-06-16,1114.02002,1118.73999,1107.130005,1114.609985,1114.609985,5002600000,51.310001,52.380001,51.27,52.23,46.318816999999996,2039600
654,2010-06-17,1115.97998,1117.719971,1105.869995,1116.040039,1116.040039,4557760000,52.220001,52.23,51.560001,52.040001000000004,46.150321999999996,1749600
655,2010-06-18,1116.160034,1121.01001,1113.930054,1117.51001,1117.51001,4555360000,51.849998,52.099998,51.59,51.82,45.955203999999995,2019800
656,2010-06-21,1122.790039,1131.22998,1108.23999,1113.199951,1113.199951,4514360000,52.240002000000004,52.470001,51.25,51.580002,45.742367,1814100
657,2010-06-22,1113.900024,1118.5,1094.180054,1095.310059,1095.310059,4514380000,51.73,52.099998,50.93,50.939999,45.174805,1879700
658,2010-06-23,1095.569946,1099.640015,1085.310059,1092.040039,1092.040039,4526150000,51.23,51.43,50.169998,51.139998999999996,45.352169,2388800
659,2010-06-24,1090.930054,1090.930054,1071.599976,1073.689941,1073.689941,4814830000,51.07,51.16,50.029999,50.200001,44.518551,2361300
660,2010-06-25,1075.099976,1083.560059,1067.890015,1076.76001,1076.76001,5128840000,50.259997999999996,50.509997999999996,49.75,50.099998,44.429878,3624600
661,2010-06-28,1077.5,1082.599976,1071.449951,1074.569946,1074.569946,3896410000,49.799999,51.439999,49.619999,51.040001000000004,45.399409999999996,2396700
662,2010-06-29,1071.099976,1071.099976,1035.180054,1041.23999,1041.23999,6136700000,50.509997999999996,50.77,49.73,50.16,44.61666500000001,2444400
663,2010-06-30,1040.560059,1048.079956,1028.329956,1030.709961,1030.709961,5067080000,49.990002000000004,50.740002000000004,49.740002000000004,50.060001,44.527714,1995800
664,2010-07-01,1031.099976,1033.579956,1010.909973,1027.369995,1027.369995,6435770000,49.799999,49.889998999999996,48.610001000000004,49.759997999999996,44.260868,2948200
665,2010-07-02,1027.650024,1032.949951,1015.929993,1022.580017,1022.580017,3968500000,49.84,50.23,49.419998,49.880001,44.367615,1897000
666,2010-07-06,1028.089966,1042.5,1018.349976,1028.060059,1028.060059,4691240000,50.200001,50.869999,49.91,50.419998,44.847919,1592000
667,2010-07-07,1028.540039,1060.890015,1028.540039,1060.27002,1060.27002,4931220000,50.540001000000004,52.27,50.5,52.25,46.475697,1730000
668,2010-07-08,1062.920044,1071.25,1058.23999,1070.25,1070.25,4548460000,52.619999,52.669998,51.720001,52.48,46.68027100000001,2674700
669,2010-07-09,1070.5,1078.160034,1068.099976,1077.959961,1077.959961,3506570000,52.419998,52.599998,52.09,52.380001,46.591328000000004,962700
670,2010-07-12,1077.22998,1080.780029,1070.449951,1078.75,1078.75,3426990000,52.27,52.41,51.790001000000004,52.139998999999996,46.37785,998200
671,2010-07-13,1080.650024,1099.459961,1080.650024,1095.339966,1095.339966,4640460000,52.43,53.25,52.380001,53.119999,47.249538,1171400
672,2010-07-14,1095.609985,1099.079956,1087.680054,1095.170044,1095.170044,4521050000,53.009997999999996,53.290001000000004,52.709998999999996,53.049999,47.187290000000004,1532700
673,2010-07-15,1094.459961,1098.660034,1080.530029,1096.47998,1096.47998,4552470000,53.0,53.099998,52.080002,52.560001,46.751434,1598900
674,2010-07-16,1093.849976,1093.849976,1063.319946,1064.880005,1064.880005,5297350000,52.380001,52.560001,51.029999,51.200001,45.541729,1805800
675,2010-07-19,1066.849976,1074.699951,1061.109985,1071.25,1071.25,4089500000,51.279999,51.75,50.799999,51.529999,45.835262,1573700
676,2010-07-20,1064.530029,1083.939941,1056.880005,1083.47998,1083.47998,4713280000,50.580002,51.380001,49.23,51.290001000000004,45.621777,3213900
677,2010-07-21,1086.670044,1088.959961,1065.25,1069.589966,1069.589966,4747180000,49.18,49.75,46.580002,46.75,41.583511,8511500
678,2010-07-22,1072.140015,1097.5,1072.140015,1093.670044,1093.670044,4826900000,47.150002,47.41,46.369999,47.130001,41.921524,5039000
679,2010-07-23,1092.170044,1103.72998,1087.880005,1102.660034,1102.660034,4524570000,47.09,48.0,46.91,47.830002,42.544154999999996,3361900
680,2010-07-26,1102.890015,1115.01001,1101.300049,1115.01001,1115.01001,4009650000,48.02,48.02,46.98,47.16,41.948196,3499000
681,2010-07-27,1117.359985,1120.949951,1109.780029,1113.839966,1113.839966,4725690000,47.360001000000004,47.669998,47.240002000000004,47.490002000000004,42.241734,2979800
682,2010-07-28,1112.839966,1114.660034,1103.109985,1106.130005,1106.130005,4002390000,47.34,47.529999,46.709998999999996,46.849998,41.672455,2347000
683,2010-07-29,1108.069946,1115.900024,1092.819946,1101.530029,1101.530029,4612420000,47.060001,47.400002,45.849998,46.150002,41.04982800000001,2498600
684,2010-07-30,1098.439941,1106.439941,1088.01001,1101.599976,1101.599976,4006450000,45.799999,46.720001,45.52,46.57,41.423412,1841200
685,2010-08-02,1107.530029,1127.300049,1107.530029,1125.859985,1125.859985,4144180000,47.060001,47.900002,46.91,47.59,42.330692,2291000
686,2010-08-03,1125.339966,1125.439941,1116.76001,1120.459961,1120.459961,4071820000,47.040001000000004,48.240002000000004,47.040001000000004,47.759997999999996,42.481888,1937000
687,2010-08-04,1121.060059,1128.75,1119.459961,1127.23999,1127.23999,4057850000,47.830002,48.259997999999996,47.650002,47.919998,42.624207,1625200
688,2010-08-05,1125.780029,1126.560059,1118.810059,1125.810059,1125.810059,3685560000,47.77,48.060001,47.369999,48.060001,42.748737,3398400
689,2010-08-06,1122.069946,1123.060059,1107.170044,1121.640015,1121.640015,3857890000,47.459998999999996,47.970001,47.119999,47.970001,42.668682000000004,1741300
690,2010-08-09,1122.800049,1129.23999,1120.910034,1127.790039,1127.790039,3979360000,48.040001000000004,48.25,47.630001,48.07,42.757641,1190100
691,2010-08-10,1122.920044,1127.160034,1111.579956,1121.060059,1121.060059,3979360000,47.740002000000004,47.849998,47.34,47.630001,42.366268,1558600
692,2010-08-11,1116.890015,1116.890015,1088.550049,1089.469971,1089.469971,4511860000,47.099998,47.099998,46.400002,46.619999,41.467888,2664900
693,2010-08-12,1081.47998,1086.719971,1076.689941,1083.609985,1083.609985,4521050000,45.959998999999996,46.84,45.959998999999996,46.669998,41.512347999999996,1862700
694,2010-08-13,1082.219971,1086.25,1079.0,1079.25,1079.25,3328890000,46.75,46.849998,46.380001,46.57,41.423412,1235800
695,2010-08-16,1077.48999,1082.619995,1069.48999,1079.380005,1079.380005,3142450000,46.330002,46.630001,46.040001000000004,46.490002000000004,41.352249,1242300
696,2010-08-17,1081.160034,1100.140015,1081.160034,1092.540039,1092.540039,3968210000,46.860001000000004,47.75,46.27,46.689999,41.530151000000004,3666500
697,2010-08-18,1092.079956,1099.77002,1085.76001,1094.160034,1094.160034,3724260000,46.57,47.330002,45.900002,46.860001000000004,41.681358,1550600
698,2010-08-19,1092.439941,1092.439941,1070.660034,1075.630005,1075.630005,4290540000,46.580002,46.639998999999996,45.639998999999996,45.860001000000004,40.79187,1953200
699,2010-08-20,1075.630005,1075.630005,1063.910034,1071.689941,1071.689941,3761570000,45.549999,45.939999,45.16,45.810001,40.747395000000004,2009300
700,2010-08-23,1073.359985,1081.579956,1067.079956,1067.359985,1067.359985,3210950000,46.009997999999996,46.700001,46.009997999999996,46.139998999999996,41.04092,2144600
701,2010-08-24,1063.199951,1063.199951,1046.680054,1051.869995,1051.869995,4436330000,45.560001,45.560001,43.130001,43.200001,38.425841999999996,5204900
702,2010-08-25,1048.97998,1059.380005,1039.829956,1055.329956,1055.329956,4360190000,42.849998,43.490002000000004,42.740002000000004,43.119999,38.354679,3817200
703,2010-08-26,1056.280029,1061.449951,1045.400024,1047.219971,1047.219971,3646710000,43.16,43.27,42.860001000000004,42.880001,38.141209,2320500
704,2010-08-27,1049.27002,1065.209961,1039.699951,1064.589966,1064.589966,4102460000,42.93,44.16,42.860001000000004,44.0,39.137417,2468600
705,2010-08-30,1062.900024,1064.400024,1048.790039,1048.920044,1048.920044,2917990000,44.049999,44.049999,43.529999,43.549999,38.737167,2746000
706,2010-08-31,1046.880005,1055.140015,1040.880005,1049.329956,1049.329956,4038770000,43.200001,43.389998999999996,42.869999,43.189999,38.416934999999995,2219000
707,2010-09-01,1049.719971,1081.300049,1049.719971,1080.290039,1080.290039,4396880000,43.509997999999996,44.77,43.509997999999996,44.639998999999996,39.706688,2023300
708,2010-09-02,1080.660034,1090.099976,1080.390015,1090.099976,1090.099976,3704210000,44.939999,46.599998,44.790001000000004,45.720001,40.667351000000004,4330000
709,2010-09-03,1093.609985,1105.099976,1093.609985,1104.51001,1104.51001,3534500000,46.080002,46.279999,45.32,46.09,40.99645200000001,2251000
710,2010-09-07,1102.599976,1102.599976,1091.150024,1091.839966,1091.839966,3107380000,45.810001,46.41,45.669998,45.98,40.898594,1696200
711,2010-09-08,1092.359985,1103.26001,1092.359985,1098.869995,1098.869995,3224640000,46.049999,46.049999,45.290001000000004,45.48,40.453869,2911800
712,2010-09-09,1101.150024,1110.27002,1101.150024,1104.180054,1104.180054,3387770000,45.889998999999996,46.169998,45.549999,46.119999,41.023144,2481000
713,2010-09-10,1104.569946,1110.880005,1103.920044,1109.550049,1109.550049,3061160000,46.23,46.799999,45.779999,46.669998,41.512347999999996,2631600
714,2010-09-13,1113.380005,1123.869995,1113.380005,1121.900024,1121.900024,4521050000,46.990002000000004,47.59,46.73,47.299999,42.072722999999996,2270500
715,2010-09-14,1121.160034,1127.359985,1115.579956,1121.099976,1121.099976,4521050000,47.310001,48.82,46.619999,48.400002,43.051163,4549400
716,2010-09-15,1119.430054,1126.459961,1114.630005,1125.069946,1125.069946,3369840000,48.18,48.73,47.68,48.689999,43.30912,3269300
717,2010-09-16,1123.890015,1125.439941,1118.880005,1124.660034,1124.660034,3364080000,49.040001000000004,49.040001000000004,48.380001,48.740002000000004,43.353588,3595600
718,2010-09-17,1126.390015,1131.469971,1122.430054,1125.589966,1125.589966,4086140000,48.869999,49.18,48.02,48.029999,42.722065,11000200
719,2010-09-20,1126.569946,1144.859985,1126.569946,1142.709961,1142.709961,3364080000,48.240002000000004,48.810001,48.200001,48.740002000000004,43.353588,2235000
720,2010-09-21,1142.819946,1148.589966,1136.219971,1139.780029,1139.780029,4175660000,48.799999,48.970001,48.389998999999996,48.509997999999996,43.148998,2209500
721,2010-09-22,1139.48999,1144.380005,1131.579956,1134.280029,1134.280029,3911070000,48.470001,48.75,47.84,48.02,42.713165000000004,2590200
722,2010-09-23,1131.099976,1136.77002,1122.790039,1124.829956,1124.829956,3847850000,47.740002000000004,48.450001,47.540001000000004,47.93,42.633109999999995,1696000
723,2010-09-24,1131.689941,1148.900024,1131.689941,1148.670044,1148.670044,4123950000,48.310001,49.709998999999996,48.25,49.700001,44.2075,2761800
724,2010-09-27,1148.640015,1149.920044,1142.0,1142.160034,1142.160034,3587860000,49.830002,49.830002,49.049999,49.150002,43.718277,2027800
725,2010-09-28,1142.310059,1150.0,1132.089966,1147.699951,1147.699951,4025840000,49.029999,50.220001,48.59,50.110001000000004,44.708645000000004,3012500
726,2010-09-29,1146.75,1148.630005,1140.26001,1144.72998,1144.72998,3990280000,49.759997999999996,50.540001000000004,49.450001,50.240002000000004,44.824615,3454900
727,2010-09-30,1145.969971,1157.160034,1136.079956,1141.199951,1141.199951,4284160000,50.299999,50.880001,49.91,50.049999,44.655094,2431900
728,2010-10-01,1143.48999,1150.300049,1139.420044,1146.23999,1146.23999,4298910000,50.259997999999996,50.400002,49.360001000000004,50.009997999999996,44.619403999999996,2476000
729,2010-10-04,1144.959961,1148.160034,1131.869995,1137.030029,1137.030029,3604110000,49.849998,50.290001000000004,49.110001000000004,49.369999,44.048393,1567800
730,2010-10-05,1140.680054,1162.76001,1140.680054,1160.75,1160.75,4068840000,49.869999,50.98,49.799999,50.57,45.119053,2204900
731,2010-10-06,1159.810059,1162.329956,1154.849976,1159.969971,1159.969971,4073160000,50.560001,50.799999,50.279999,50.450001,45.011978000000006,1112000
732,2010-10-07,1161.569946,1163.869995,1151.410034,1158.060059,1158.060059,3910550000,50.639998999999996,50.639998999999996,49.169998,49.779999,44.414207,3061300
733,2010-10-08,1158.359985,1167.72998,1155.579956,1165.150024,1165.150024,3871420000,49.759997999999996,50.099998,49.470001,49.68,44.324985999999996,2249900
734,2010-10-11,1165.319946,1168.680054,1162.02002,1165.319946,1165.319946,2505900000,49.639998999999996,50.0,49.380001,49.790001000000004,44.423119,1514100
735,2010-10-12,1164.280029,1172.579956,1155.709961,1169.77002,1169.77002,4076170000,49.509997999999996,49.669998,48.130001,49.049999,43.76289000000001,6077300
736,2010-10-13,1171.319946,1184.380005,1171.319946,1178.099976,1178.099976,4969410000,49.189999,49.450001,48.759997999999996,49.290001000000004,43.977028000000004,2813700
737,2010-10-14,1177.819946,1178.890015,1166.709961,1173.810059,1173.810059,4969410000,49.310001,49.630001,48.549999,48.830002,43.566624,2247500
738,2010-10-15,1177.469971,1181.199951,1167.119995,1176.189941,1176.189941,5724910000,49.119999,49.41,48.349998,49.040001000000004,43.753979,2844200
739,2010-10-18,1176.829956,1185.530029,1174.550049,1184.709961,1184.709961,4450050000,49.299999,50.650002,49.299999,50.509997999999996,45.065521000000004,3212700
740,2010-10-19,1178.640015,1178.640015,1159.709961,1165.900024,1165.900024,5600120000,48.689999,50.41,48.610001000000004,50.07,44.672958,5012500
741,2010-10-20,1166.73999,1182.939941,1166.73999,1178.170044,1178.170044,5027880000,52.830002,53.0,50.029999,50.57,45.119053,5839700
742,2010-10-21,1179.819946,1189.430054,1171.170044,1180.26001,1180.26001,4625470000,50.82,51.419998,50.689999,51.32,45.788216,3604800
743,2010-10-22,1180.52002,1183.930054,1178.98999,1183.079956,1183.079956,3177890000,51.310001,51.419998,50.5,50.59,45.136894,1964500
744,2010-10-25,1184.73999,1196.140015,1184.73999,1185.619995,1185.619995,4221380000,50.84,51.490002000000004,50.799999,51.27,45.743595,1919500
745,2010-10-26,1184.880005,1187.109985,1177.719971,1185.640015,1185.640015,4203680000,50.959998999999996,51.349998,50.470001,51.23,45.707905,2016400
746,2010-10-27,1183.839966,1183.839966,1171.699951,1182.449951,1182.449951,4335670000,50.84,50.950001,50.049999,50.900002,45.413478999999995,1880000
747,2010-10-28,1184.469971,1189.530029,1177.099976,1183.780029,1183.780029,4283460000,49.150002,50.790001000000004,48.700001,50.200001,44.788937,3533800
748,2010-10-29,1183.869995,1185.459961,1179.699951,1183.26001,1183.26001,3537880000,50.189999,50.189999,49.290001000000004,49.490002000000004,44.15546,3189300
749,2010-11-01,1185.709961,1195.810059,1177.650024,1184.380005,1184.380005,4129180000,49.630001,49.880001,48.98,49.310001,43.994865000000004,2726500
750,2010-11-02,1187.859985,1195.880005,1187.859985,1193.569946,1193.569946,3866200000,49.740002000000004,50.209998999999996,49.549999,49.900002,44.521259,1631100
751,2010-11-03,1193.790039,1198.300049,1183.560059,1197.959961,1197.959961,4665480000,50.009997999999996,51.490002000000004,50.0,51.25,45.725753999999995,4618600
752,2010-11-04,1198.339966,1221.25,1198.339966,1221.060059,1221.060059,5695470000,51.720001,52.150002,51.5,51.759997999999996,46.180779,2445900
753,2010-11-05,1221.199951,1227.079956,1220.290039,1225.849976,1225.849976,5637460000,51.610001000000004,52.759997999999996,51.580002,52.43,46.778560999999996,2418200
754,2010-11-08,1223.23999,1224.569946,1217.550049,1223.25,1223.25,3937230000,52.049999,52.299999,51.799999,52.09,46.475212,1724000
755,2010-11-09,1223.589966,1226.839966,1208.939941,1213.400024,1213.400024,4848040000,52.27,52.720001,51.950001,52.169998,46.546589000000004,2138200
756,2010-11-10,1213.140015,1218.75,1204.329956,1218.709961,1218.709961,4561300000,51.82,52.169998,51.360001000000004,52.119999,46.501991,2003100
757,2010-11-11,1213.040039,1215.449951,1204.48999,1213.540039,1213.540039,3931120000,51.380001,52.41,51.369999,52.189999,46.56443400000001,2195000
758,2010-11-12,1209.069946,1210.5,1194.079956,1199.209961,1199.209961,4213620000,51.700001,52.0,51.369999,51.59,46.029106,1777600
759,2010-11-15,1200.439941,1207.430054,1197.150024,1197.75,1197.75,3503370000,51.650002,51.990002000000004,51.240002000000004,51.419998,45.877434,2042000
760,2010-11-16,1194.790039,1194.790039,1173.0,1178.339966,1178.339966,5116380000,51.040001000000004,51.259997999999996,50.5,50.700001,45.235039,1826800
761,2010-11-17,1178.329956,1183.560059,1175.819946,1178.589966,1178.589966,3904780000,50.599998,50.91,50.48,50.57,45.119053,1819100
762,2010-11-18,1183.75,1200.290039,1183.75,1196.689941,1196.689941,4687260000,51.049999,51.669998,50.75,51.389998999999996,45.85067,1271100
763,2010-11-19,1196.119995,1199.969971,1189.439941,1199.72998,1199.72998,3675390000,51.41,51.720001,51.279999,51.639998999999996,46.073708,1441700
764,2010-11-22,1198.069946,1198.939941,1184.579956,1197.839966,1197.839966,3689500000,51.34,51.580002,50.700001,51.389998999999996,45.85067,1206600
765,2010-11-23,1192.51001,1192.51001,1176.910034,1180.72998,1180.72998,4133070000,50.880001,51.0,50.57,50.880001,45.395638,1660900
766,2010-11-24,1183.699951,1198.619995,1183.699951,1198.349976,1198.349976,3384250000,50.650002,51.470001,50.02,51.299999,45.770359,1300000
767,2010-11-26,1194.160034,1194.160034,1186.930054,1189.400024,1189.400024,1613820000,51.0,51.57,50.82,51.459998999999996,45.913115999999995,893800
768,2010-11-29,1189.079956,1190.339966,1173.640015,1187.76001,1187.76001,3673450000,50.91,51.0,50.18,50.77,45.297503999999996,2132400
769,2010-11-30,1182.959961,1187.400024,1174.140015,1180.550049,1180.550049,4284700000,50.169998,50.419998,50.029999,50.09,44.690777000000004,2244400
770,2010-12-01,1186.599976,1207.609985,1186.599976,1206.069946,1206.069946,4548110000,50.779999,51.259997999999996,50.459998999999996,50.950001,45.458084,2621400
771,2010-12-02,1206.810059,1221.890015,1206.810059,1221.530029,1221.530029,4970800000,50.84,51.619999,50.639998999999996,51.400002,45.859589,1344500
772,2010-12-03,1219.930054,1225.569946,1216.819946,1224.709961,1224.709961,3735780000,51.150002,52.130001,51.150002,52.110001000000004,46.49305,1544400
773,2010-12-06,1223.869995,1225.800049,1220.670044,1223.119995,1223.119995,3527370000,51.889998999999996,51.900002,51.5,51.529999,45.97557800000001,1288000
774,2010-12-07,1227.25,1235.050049,1223.25,1223.75,1223.75,6970630000,51.959998999999996,52.139998999999996,51.25,51.279999,45.752518,3498400
775,2010-12-08,1225.02002,1228.930054,1219.5,1228.280029,1228.280029,4607590000,51.34,52.09,51.27,52.09,46.475212,2188600
776,2010-12-09,1230.140015,1234.709961,1226.849976,1233.0,1233.0,4522510000,52.41,53.119999,52.220001,53.0,47.287116999999995,2657400
777,2010-12-10,1233.849976,1240.400024,1232.579956,1240.400024,1240.400024,4547310000,53.09,53.34,52.84,53.0,47.287116999999995,2560500
778,2010-12-13,1242.52002,1246.72998,1240.339966,1240.459961,1240.459961,4361240000,53.220001,53.349998,52.849998,53.080002,47.358498,1651200
779,2010-12-14,1241.839966,1246.589966,1238.170044,1241.589966,1241.589966,4132350000,53.209998999999996,54.360001000000004,53.209998999999996,54.049999,48.223942,1477900
780,2010-12-15,1241.579956,1244.25,1234.01001,1235.22998,1235.22998,4407340000,53.59,54.009997999999996,53.490002000000004,53.549999,47.777836,2673400
781,2010-12-16,1236.339966,1243.75,1232.849976,1242.869995,1242.869995,4736820000,53.549999,54.389998999999996,53.130001,54.380001,48.518375,2385600
782,2010-12-17,1243.630005,1245.810059,1239.869995,1243.910034,1243.910034,4632470000,54.349998,54.59,54.040001000000004,54.529999,48.652206,1897700
783,2010-12-20,1245.76001,1250.199951,1241.51001,1247.079956,1247.079956,3548140000,54.689999,55.0,54.43,54.799999,48.893097,1454600
784,2010-12-21,1249.430054,1255.819946,1249.430054,1254.599976,1254.599976,3479670000,54.860001000000004,54.939999,54.16,54.18,48.339931,1247700
785,2010-12-22,1254.939941,1259.390015,1254.939941,1258.839966,1258.839966,1285590000,54.200001,54.5,53.869999,54.380001,48.518375,1294200
786,2010-12-23,1257.530029,1258.589966,1254.050049,1256.77002,1256.77002,2515020000,54.25,54.25,53.619999,53.700001,47.911678,1294800
787,2010-12-27,1254.660034,1258.430054,1251.47998,1257.540039,1257.540039,1992470000,53.549999,54.209998999999996,53.509997999999996,54.009997999999996,48.188255,958800
788,2010-12-28,1259.099976,1259.900024,1256.219971,1258.51001,1258.51001,2478450000,53.990002000000004,54.200001,53.66,54.049999,48.223942,748400
789,2010-12-29,1258.780029,1262.599976,1258.780029,1259.780029,1259.780029,2214380000,54.139998999999996,54.389998999999996,53.990002000000004,54.099998,48.429829,990300
790,2010-12-30,1259.439941,1261.089966,1256.319946,1257.880005,1257.880005,1970720000,54.0,54.18,53.82,54.080002,48.411926,751000
791,2010-12-31,1256.76001,1259.339966,1254.189941,1257.640015,1257.640015,1799770000,53.93,54.060001,53.549999,53.700001,48.071766,804200
792,2011-01-03,1257.619995,1276.170044,1257.619995,1271.869995,1271.869995,4286670000,53.93,54.82,53.560001,54.580002,48.85952800000001,1763900
793,2011-01-04,1272.949951,1274.119995,1262.660034,1270.199951,1270.199951,4796420000,54.470001,54.700001,53.970001,54.360001000000004,48.66259,1465600
794,2011-01-05,1268.780029,1277.630005,1265.359985,1276.560059,1276.560059,4764920000,54.060001,54.740002000000004,53.869999,54.66,48.931137,1447800
795,2011-01-06,1276.290039,1278.170044,1270.430054,1273.849976,1273.849976,4844100000,54.5,54.880001,53.669998,54.639998999999996,48.913242,2752700
796,2011-01-07,1274.410034,1276.829956,1261.699951,1271.5,1271.5,4963110000,54.580002,54.630001,53.5,54.32,48.626781,2636500
797,2011-01-10,1270.839966,1271.52002,1262.180054,1269.75,1269.75,4036450000,54.110001000000004,54.77,54.060001,54.700001,48.966946,1438500
798,2011-01-11,1272.579956,1277.25,1269.619995,1274.47998,1274.47998,4050750000,57.369999,58.689999,56.860001000000004,58.0,51.921082,6795300
799,2011-01-12,1275.650024,1286.869995,1275.650024,1285.959961,1285.959961,4226940000,58.419998,58.459998999999996,57.66,57.810001,51.750992,2198300
800,2011-01-13,1285.780029,1286.699951,1280.469971,1283.76001,1283.76001,4310840000,57.669998,57.950001,57.400002,57.650002,51.607769,1955900
801,2011-01-14,1282.900024,1293.23999,1281.23999,1293.23999,1293.23999,4661590000,57.639998999999996,57.889998999999996,57.400002,57.82,51.759937,1536200
802,2011-01-18,1293.219971,1296.060059,1290.160034,1295.02002,1295.02002,5284990000,57.669998,58.470001,57.669998,58.389998999999996,52.270206,2058100
803,2011-01-19,1294.52002,1294.599976,1278.920044,1281.920044,1281.920044,4743710000,58.330002,58.860001000000004,57.349998,57.580002,51.545109000000004,2230600
804,2011-01-20,1280.849976,1283.349976,1271.26001,1280.26001,1280.26001,4935320000,57.619999,57.959998999999996,57.029999,57.200001,51.204918,2203800
805,2011-01-21,1283.630005,1291.209961,1282.069946,1283.349976,1283.349976,4935320000,57.889998999999996,58.610001000000004,57.580002,57.650002,51.607769,3368300
806,2011-01-24,1283.290039,1291.930054,1282.469971,1290.839966,1290.839966,3902470000,57.639998999999996,58.150002,57.470001,57.599998,51.56299600000001,1786000
807,2011-01-25,1288.170044,1291.26001,1281.069946,1291.180054,1291.180054,4595380000,57.540001000000004,58.43,57.299999,58.369999,52.252293,2575900
808,2011-01-26,1291.969971,1299.73999,1291.969971,1296.630005,1296.630005,4730980000,58.209998999999996,58.310001,57.110001000000004,57.349998,51.339211,2317400
809,2011-01-27,1297.51001,1301.290039,1294.410034,1299.540039,1299.540039,4309190000,57.970001,58.889998999999996,57.900002,58.110001000000004,52.019558,3252900
810,2011-01-28,1299.630005,1302.670044,1275.099976,1276.339966,1276.339966,5618630000,58.279999,58.310001,57.0,57.200001,51.204918,2199100
811,2011-01-31,1276.5,1287.170044,1276.5,1286.119995,1286.119995,4167160000,57.419998,57.619999,56.82,57.560001,51.527198999999996,1478500
812,2011-02-01,1289.140015,1308.859985,1289.140015,1307.589966,1307.589966,5164500000,58.0,58.639998999999996,57.720001,58.540001000000004,52.404484000000004,1465300
813,2011-02-02,1305.910034,1307.609985,1302.619995,1304.030029,1304.030029,4098260000,58.32,58.549999,58.040001000000004,58.200001,52.100124,1608900
814,2011-02-03,1302.77002,1308.599976,1294.829956,1307.099976,1307.099976,4370990000,58.200001,58.419998,57.689999,58.41,52.28810900000001,1209400
815,2011-02-04,1307.01001,1311.0,1301.670044,1310.869995,1310.869995,3925950000,58.560001,58.639998999999996,58.099998,58.509997999999996,52.37762100000001,992000
816,2011-02-07,1311.849976,1322.849976,1311.849976,1319.050049,1319.050049,3902270000,58.599998,60.080002,58.599998,59.48,53.245964,2070400
817,2011-02-08,1318.76001,1324.869995,1316.030029,1324.569946,1324.569946,3881530000,59.560001,59.939999,59.259997999999996,59.700001,53.442909,1980900
818,2011-02-09,1322.47998,1324.540039,1314.890015,1320.880005,1320.880005,3922240000,59.639998999999996,59.860001000000004,59.0,59.799999,53.532421,1539200
819,2011-02-10,1318.130005,1322.780029,1311.73999,1321.869995,1321.869995,4184610000,59.52,60.27,59.52,59.950001,53.666695,1687200
820,2011-02-11,1318.660034,1330.790039,1316.079956,1329.150024,1329.150024,4219300000,59.619999,60.380001,59.610001000000004,60.220001,53.908405,1487800
821,2011-02-14,1328.72998,1332.959961,1326.900024,1332.319946,1332.319946,3567040000,60.360001000000004,60.599998,60.02,60.490002000000004,54.150112,929400
822,2011-02-15,1330.430054,1330.430054,1324.609985,1328.01001,1328.01001,3926860000,60.290001000000004,60.330002,59.950001,60.259997999999996,53.94421,1036200
823,2011-02-16,1329.51001,1337.609985,1329.51001,1336.319946,1336.319946,1966450000,60.540001000000004,61.549999,60.259997999999996,61.029999,54.633494999999996,1186100
824,2011-02-17,1334.369995,1341.5,1331.0,1340.430054,1340.430054,1966450000,60.950001,61.110001000000004,60.59,60.779999,54.40970600000001,1829700
825,2011-02-18,1340.380005,1344.069946,1338.119995,1343.01001,1343.01001,1162310000,60.900002,63.060001,60.529999,63.0,56.39703000000001,3232500
826,2011-02-22,1338.910034,1338.910034,1312.329956,1315.439941,1315.439941,1322780000,62.32,62.849998,61.57,61.919998,55.430243999999995,2357500
827,2011-02-23,1315.439941,1317.910034,1299.550049,1307.400024,1307.400024,1330340000,62.59,62.830002,61.459998999999996,61.759997999999996,55.286995,2962500
828,2011-02-24,1307.089966,1310.910034,1294.26001,1306.099976,1306.099976,1222900000,61.610001000000004,62.82,61.130001,61.560001,55.107964,2301700
829,2011-02-25,1307.339966,1320.609985,1307.339966,1319.880005,1319.880005,3836030000,61.549999,63.07,61.509997999999996,63.060001,56.450748,1522700
830,2011-02-28,1321.609985,1329.380005,1320.550049,1327.219971,1327.219971,1252850000,62.799999,63.419998,62.619999,63.259997999999996,56.629783999999994,2206400
831,2011-03-01,1328.640015,1332.089966,1306.140015,1306.329956,1306.329956,1180420000,63.259997999999996,63.450001,62.240002000000004,62.470001,55.92258100000001,2511800
832,2011-03-02,1305.469971,1314.189941,1302.579956,1308.439941,1308.439941,1025000000,62.509997999999996,63.110001000000004,62.200001,63.060001,56.450748,1478900
833,2011-03-03,1312.369995,1332.280029,1312.369995,1330.969971,1330.969971,4340470000,63.400002,64.57,63.139998999999996,64.559998,57.793533,2012400
834,2011-03-04,1330.72998,1331.079956,1312.589966,1321.150024,1321.150024,4223740000,64.260002,64.480003,63.139998999999996,63.669998,56.996818999999995,2008400
835,2011-03-07,1322.719971,1327.680054,1303.98999,1310.130005,1310.130005,3964730000,63.98,64.400002,62.880001,63.310001,56.67454100000001,2959100
836,2011-03-08,1311.050049,1325.73999,1306.859985,1321.819946,1321.819946,4531420000,63.799999,65.209999,63.169998,65.07,58.250071999999996,2342400
837,2011-03-09,1319.920044,1323.209961,1312.27002,1320.02002,1320.02002,3709520000,64.660004,65.050003,63.939999,64.360001,57.614491,2167500
838,2011-03-10,1315.719971,1315.719971,1294.209961,1295.109985,1295.109985,4723020000,63.849998,63.849998,62.68,62.919998,56.325417,2714700
839,2011-03-11,1293.430054,1308.349976,1291.98999,1304.280029,1304.280029,3740400000,63.009997999999996,63.18,62.580002,63.02,56.41494,1342500
840,2011-03-14,1301.189941,1301.189941,1286.369995,1296.390015,1296.390015,4050370000,63.02,63.130001,62.049999,62.34,55.80621,1613000
841,2011-03-15,1288.459961,1288.459961,1261.119995,1281.869995,1281.869995,5201400000,60.73,61.75,60.189999,61.41,54.973667000000006,2810700
842,2011-03-16,1279.459961,1280.910034,1249.050049,1256.880005,1256.880005,5833000000,61.169998,61.66,60.009997999999996,60.34,54.015827,1787400
843,2011-03-17,1261.609985,1278.880005,1261.609985,1273.719971,1273.719971,4134950000,61.110001000000004,61.560001,60.400002,60.59,54.239624,1706600
844,2011-03-18,1276.709961,1288.880005,1276.180054,1279.209961,1279.209961,4685500000,61.369999,62.32,61.299999,61.52,55.072143999999994,4045900
845,2011-03-21,1281.650024,1300.579956,1281.650024,1298.380005,1298.380005,4223730000,62.169998,62.279999,61.919998,62.029999,55.528702,1556100
846,2011-03-22,1298.290039,1299.349976,1292.699951,1293.77002,1293.77002,3576550000,62.16,62.25,61.650002,61.740002000000004,55.269096,1278400
847,2011-03-23,1292.189941,1300.51001,1284.050049,1297.540039,1297.540039,3842350000,61.650002,61.650002,60.459998999999996,61.349998,54.919971,1543300
848,2011-03-24,1300.609985,1311.339966,1297.73999,1309.660034,1309.660034,4223740000,61.470001,61.66,60.470001,61.189999,54.776741,2287600
849,2011-03-25,1311.800049,1319.180054,1310.150024,1313.800049,1313.800049,4223740000,61.23,61.279999,60.77,61.119999,54.714068999999995,1260000
850,2011-03-28,1315.449951,1319.73999,1310.189941,1310.189941,1310.189941,3215170000,61.349998,61.349998,60.709998999999996,60.709998999999996,54.347042,1090300
851,2011-03-29,1309.369995,1319.449951,1305.26001,1319.439941,1319.439941,3482580000,60.549999,61.119999,60.220001,61.09,54.84985,1535300
852,2011-03-30,1321.890015,1331.73999,1321.890015,1328.26001,1328.26001,3809570000,61.389998999999996,61.470001,60.689999,60.759997999999996,54.553546999999995,1020600
853,2011-03-31,1327.439941,1329.77002,1325.030029,1325.829956,1325.829956,3566270000,60.709998999999996,60.970001,60.610001000000004,60.799999,54.589473999999996,2074200
854,2011-04-01,1329.47998,1337.849976,1328.890015,1332.410034,1332.410034,4223740000,60.889998999999996,61.419998,60.759997999999996,60.900002,54.679253,1815100
855,2011-04-04,1333.560059,1336.73999,1329.099976,1332.869995,1332.869995,4223740000,61.09,61.580002,60.93,61.490002000000004,55.208983999999994,1876400
856,2011-04-05,1332.030029,1338.209961,1330.030029,1332.630005,1332.630005,3852280000,61.25,61.330002,60.490002000000004,60.52,54.338078,1455700
857,2011-04-06,1335.939941,1339.380005,1331.089966,1335.540039,1335.540039,4223740000,61.060001,61.07,60.119999,60.259997999999996,54.104626,1977000
858,2011-04-07,1334.819946,1338.800049,1326.560059,1333.51001,1333.51001,4005600000,60.25,60.529999,59.790001000000004,59.849998,53.736518999999994,2026100
859,2011-04-08,1336.160034,1339.459961,1322.939941,1328.170044,1328.170044,3582810000,60.16,60.380001,59.400002,59.709998999999996,53.610808999999996,1850700
860,2011-04-11,1329.01001,1333.77002,1321.060059,1324.459961,1324.459961,3478970000,59.810001,60.310001,59.790001000000004,60.0,53.871185,1553400
861,2011-04-12,1321.959961,1321.959961,1309.51001,1314.160034,1314.160034,4275490000,59.43,59.919998,59.189999,59.689999,53.59285,2315400
862,2011-04-13,1314.030029,1321.349976,1309.189941,1314.410034,1314.410034,3850860000,59.939999,60.290001000000004,59.509997999999996,59.84,53.727543000000004,1685700
863,2011-04-14,1311.130005,1316.790039,1302.420044,1314.52002,1314.52002,3872630000,59.509997999999996,60.080002,59.41,59.869999,53.754463,1375900
864,2011-04-15,1314.540039,1322.880005,1313.680054,1319.680054,1319.680054,4223740000,60.09,61.029999,60.0,60.700001,54.499687,2554000
865,2011-04-18,1313.349976,1313.349976,1294.699951,1305.140015,1305.140015,4223740000,60.0,60.25,59.66,60.009997999999996,53.88016500000001,1891300
866,2011-04-19,1305.98999,1312.699951,1303.969971,1312.619995,1312.619995,3886300000,60.119999,61.48,60.119999,61.099998,54.858826,3703400
867,2011-04-20,1319.119995,1332.660034,1319.119995,1330.359985,1330.359985,4236280000,60.470001,60.470001,58.189999,58.41,52.443592,4891400
868,2011-04-21,1333.22998,1337.48999,1332.829956,1337.380005,1337.380005,3587240000,58.549999,58.970001,58.439999,58.509997999999996,52.533375,2589100
869,2011-04-25,1337.140015,1337.550049,1331.469971,1335.25,1335.25,2142130000,58.389998999999996,58.5,57.860001000000004,58.02,52.093422,2260500
870,2011-04-26,1336.75,1349.550049,1336.75,1347.23999,1347.23999,3908060000,58.439999,58.5,58.07,58.330002,52.371777,2098800
871,2011-04-27,1348.430054,1357.48999,1344.25,1355.660034,1355.660034,4051570000,58.560001,58.560001,58.130001,58.389998999999996,52.425644,2507700
872,2011-04-28,1353.859985,1361.709961,1353.599976,1360.47998,1360.47998,4036820000,58.330002,59.27,58.279999,59.18,53.134944999999995,3090500
873,2011-04-29,1360.140015,1364.560059,1358.689941,1363.609985,1363.609985,3479070000,59.32,59.349998,58.93,59.0,52.973328,1832600
874,2011-05-02,1365.209961,1370.579956,1358.589966,1361.219971,1361.219971,3846250000,59.099998,59.389998999999996,58.790001000000004,59.240002000000004,53.188812,3040700
875,2011-05-03,1359.76001,1360.839966,1349.52002,1356.619995,1356.619995,4223740000,59.18,59.490002000000004,59.16,59.349998,53.287579,2342300
876,2011-05-04,1355.900024,1355.900024,1341.5,1347.319946,1347.319946,4223740000,59.25,59.490002000000004,59.0,59.470001,53.395325,1665500
877,2011-05-05,1344.160034,1348.0,1329.170044,1335.099976,1335.099976,3846250000,59.439999,60.369999,59.279999,59.709998999999996,53.610808999999996,2439400
878,2011-05-06,1340.23999,1354.359985,1335.579956,1340.199951,1340.199951,4223740000,60.009997999999996,60.459998999999996,59.450001,59.689999,53.59285,2455700
879,2011-05-09,1340.199951,1349.439941,1338.640015,1346.290039,1346.290039,4265250000,59.619999,60.25,59.43,60.110001000000004,53.969952,1591800
880,2011-05-10,1348.339966,1359.439941,1348.339966,1357.160034,1357.160034,4223740000,60.380001,61.099998,60.310001,61.0,54.769047,2823700
881,2011-05-11,1354.51001,1354.51001,1336.359985,1342.079956,1342.079956,3846250000,61.919998,62.470001,61.509997999999996,61.84,55.523239000000004,3146600
882,2011-05-12,1339.390015,1351.050049,1332.030029,1348.650024,1348.650024,3777210000,61.830002,63.259997999999996,61.369999,63.16,56.708397,3700000
883,2011-05-13,1348.689941,1350.469971,1333.359985,1337.77002,1337.77002,3426660000,63.400002,63.650002,62.77,63.279999,56.816146999999994,3240200
884,2011-05-16,1334.77002,1343.329956,1327.319946,1329.469971,1329.469971,3846250000,62.75,64.610001,62.75,63.759997999999996,57.24710500000001,4010500
885,2011-05-17,1326.099976,1330.420044,1318.51001,1328.97998,1328.97998,4053970000,63.290001000000004,63.860001000000004,62.91,63.799999,57.28301999999999,2363200
886,2011-05-18,1328.540039,1341.819946,1326.589966,1340.680054,1340.680054,3922030000,63.889998999999996,64.150002,63.619999,64.0,57.462589,3304900
887,2011-05-19,1342.400024,1346.819946,1336.359985,1343.599976,1343.599976,3626110000,64.139999,64.269997,63.619999,64.0,57.462589,2159300
888,2011-05-20,1342.0,1342.0,1330.670044,1333.27002,1333.27002,4066020000,64.239998,64.239998,62.880001,63.419998,56.941837,2494000
889,2011-05-23,1333.069946,1333.069946,1312.880005,1317.369995,1317.369995,3255580000,62.860001000000004,63.209998999999996,62.139998999999996,63.049999,56.609638000000004,2959800
890,2011-05-24,1317.699951,1323.719971,1313.869995,1316.280029,1316.280029,3846250000,63.029999,63.139998999999996,62.25,62.740002000000004,56.331299,1824100
891,2011-05-25,1316.359985,1325.859985,1311.800049,1320.469971,1320.469971,4109670000,62.5,62.84,62.240002000000004,62.290001000000004,55.927277000000004,1615500
892,2011-05-26,1320.640015,1328.51001,1314.410034,1325.689941,1325.689941,3259470000,62.18,62.349998,61.619999,62.209998999999996,55.855438,2259700
893,2011-05-27,1325.689941,1334.619995,1325.689941,1331.099976,1331.099976,3124560000,62.419998,62.599998,62.09,62.16,55.81055799999999,1060000
894,2011-05-31,1331.099976,1345.199951,1331.099976,1345.199951,1345.199951,4696240000,62.439999,62.450001,62.029999,62.400002,56.026031,2249800
895,2011-06-01,1345.199951,1345.199951,1313.709961,1314.550049,1314.550049,4241090000,62.080002,62.139998999999996,61.259997999999996,61.299999,55.038399,2132000
896,2011-06-02,1314.550049,1318.030029,1305.609985,1312.939941,1312.939941,3762170000,61.27,61.389998999999996,60.630001,61.009997999999996,54.77801899999999,2080800
897,2011-06-03,1312.939941,1312.939941,1297.900024,1300.160034,1300.160034,3505030000,60.310001,60.57,60.07,60.200001,54.050755,1498800
898,2011-06-06,1300.26001,1300.26001,1284.719971,1286.170044,1286.170044,3555980000,60.220001,60.259997999999996,58.580002,58.580002,52.596233,3571800
899,2011-06-07,1286.310059,1296.219971,1284.73999,1284.939941,1284.939941,3846250000,58.959998999999996,59.849998,58.25,59.279999,53.22472,2568700
900,2011-06-08,1284.630005,1287.040039,1277.420044,1279.560059,1279.560059,3970810000,59.25,59.25,58.189999,58.639998999999996,52.650112,2024700
901,2011-06-09,1279.630005,1294.540039,1279.630005,1289.0,1289.0,3332510000,58.700001,59.299999,58.509997999999996,58.98,52.955372,1398100
902,2011-06-10,1288.599976,1288.599976,1268.280029,1270.97998,1270.97998,3846250000,58.880001,58.939999,58.09,58.169998,52.228111,1566900
903,2011-06-13,1271.310059,1277.040039,1265.640015,1271.829956,1271.829956,4132520000,58.220001,58.860001000000004,58.029999,58.540001000000004,52.560326,1537400
904,2011-06-14,1272.219971,1292.5,1272.219971,1287.869995,1287.869995,3500280000,59.060001,59.27,58.779999,58.880001,52.865593000000004,1253900
905,2011-06-15,1287.869995,1287.869995,1261.900024,1265.420044,1265.420044,4070500000,58.59,59.0,57.849998,57.990002000000004,52.066502,1378200
906,2011-06-16,1265.530029,1274.109985,1258.069946,1267.640015,1267.640015,3846250000,57.889998999999996,58.450001,57.669998,58.0,52.075480999999996,1111400
907,2011-06-17,1268.579956,1279.819946,1267.400024,1271.5,1271.5,4916460000,58.419998,58.419998,57.580002,57.709998999999996,51.815102,2105200
908,2011-06-20,1271.5,1280.420044,1267.560059,1278.359985,1278.359985,3464660000,57.669998,58.130001,57.650002,58.0,52.075480999999996,1019800
909,2011-06-21,1278.400024,1297.619995,1278.400024,1295.52002,1295.52002,4056150000,58.360001000000004,58.560001,58.029999,58.279999,52.326874,1431600
910,2011-06-22,1295.47998,1298.609985,1286.790039,1287.140015,1287.140015,3718420000,58.279999,58.68,58.139998999999996,58.400002,52.434619999999995,1377100
911,2011-06-23,1286.599976,1286.599976,1262.869995,1283.5,1283.5,4983450000,57.919998,58.419998,56.57,58.23,52.281985999999996,2306800
912,2011-06-24,1283.040039,1283.930054,1267.23999,1268.449951,1268.449951,3665340000,58.349998,58.439999,57.16,57.380001,51.518806,1854700
913,2011-06-27,1268.439941,1284.910034,1267.530029,1280.099976,1280.099976,3479070000,57.52,58.189999,57.099998,57.939999,52.021599,1214100
914,2011-06-28,1280.209961,1296.800049,1280.209961,1296.670044,1296.670044,3681500000,57.98,58.740002000000004,57.779999,58.669998,52.84119000000001,1106800
915,2011-06-29,1296.849976,1309.209961,1296.849976,1307.410034,1307.410034,4347540000,58.91,58.91,58.009997999999996,58.130001,52.354855,1459000
916,2011-06-30,1307.640015,1321.969971,1307.640015,1320.640015,1320.640015,4200500000,58.41,58.799999,58.330002,58.689999,52.859211,1493800
917,2011-07-01,1320.640015,1341.01001,1318.180054,1339.670044,1339.670044,3796930000,58.939999,60.349998,58.799999,60.279999,54.29124100000001,1836100
918,2011-07-05,1339.589966,1340.890015,1334.300049,1337.880005,1337.880005,3722320000,60.029999,60.09,59.369999,59.669998,53.741848,1025900
919,2011-07-06,1337.560059,1340.939941,1330.920044,1339.219971,1339.219971,3564190000,59.73,60.380001,59.5,59.849998,53.903976,1276200
920,2011-07-07,1339.619995,1356.47998,1339.619995,1353.219971,1353.219971,4069530000,60.389998999999996,60.639998999999996,60.02,60.599998,54.579464,1206700
921,2011-07-08,1352.390015,1352.390015,1333.709961,1343.800049,1343.800049,3594360000,60.119999,60.200001,59.639998999999996,60.139998999999996,54.165154,1398800
922,2011-07-11,1343.310059,1343.310059,1316.420044,1319.48999,1319.48999,3879130000,59.490002000000004,59.720001,58.459998999999996,58.560001,52.742134,1303200
923,2011-07-12,1319.609985,1327.170044,1313.329956,1313.640015,1313.640015,4227890000,58.419998,59.68,58.290001000000004,59.130001,53.255501,1670500
924,2011-07-13,1314.449951,1331.47998,1314.449951,1317.719971,1317.719971,4060080000,59.360001000000004,60.080002,59.150002,59.32,53.426624,1163100
925,2011-07-14,1317.73999,1326.880005,1306.51001,1308.869995,1308.869995,4358570000,59.490002000000004,59.490002000000004,58.529999,58.639998999999996,52.814186,1354300
926,2011-07-15,1308.869995,1317.699951,1307.52002,1316.140015,1316.140015,4242760000,58.669998,58.84,58.040001000000004,58.43,52.625046,1132500
927,2011-07-18,1315.939941,1315.939941,1295.920044,1305.439941,1305.439941,4118160000,58.18,58.259997999999996,57.220001,58.259997999999996,52.471939,1493500
928,2011-07-19,1307.069946,1328.140015,1307.069946,1326.72998,1326.72998,4304600000,58.5,59.360001000000004,57.630001,59.16,53.282509,2405200
929,2011-07-20,1328.660034,1330.430054,1323.650024,1325.839966,1325.839966,3767420000,59.040001000000004,59.040001000000004,56.630001,56.91,51.256042,6330600
930,2011-07-21,1325.650024,1347.0,1325.650024,1343.800049,1343.800049,4837430000,56.630001,57.68,56.5,57.630001,51.904526000000004,4094700
931,2011-07-22,1343.800049,1346.099976,1336.949951,1345.02002,1345.02002,3522830000,57.68,57.68,56.630001,56.880001,51.229031,2275700
932,2011-07-25,1344.319946,1344.319946,1331.089966,1337.430054,1337.430054,3536890000,56.380001,56.57,55.759997999999996,56.220001,50.63460900000001,1752000
933,2011-07-26,1337.390015,1338.51001,1329.589966,1331.939941,1331.939941,4007050000,56.029999,56.290001000000004,55.080002,55.119999,49.643894,1943400
934,2011-07-27,1331.910034,1331.910034,1303.48999,1304.890015,1304.890015,3479040000,55.459998999999996,55.459998999999996,54.48,54.48,49.067467,2698000
935,2011-07-28,1304.839966,1316.319946,1299.160034,1300.670044,1300.670044,4951800000,54.369999,54.700001,53.970001,54.049999,48.680183,2401300
936,2011-07-29,1300.119995,1304.160034,1282.859985,1292.280029,1292.280029,5061190000,53.560001,54.759997999999996,53.360001000000004,54.34,48.941371999999994,2801500
937,2011-08-01,1292.589966,1307.380005,1274.72998,1286.939941,1286.939941,4967390000,54.669998,54.669998,52.689999,53.099998,47.824562,3247700
938,2011-08-02,1286.560059,1286.560059,1254.030029,1254.050049,1254.050049,5206290000,52.759997999999996,53.080002,51.650002,51.669998,46.53664000000001,2958500
939,2011-08-03,1254.25,1261.199951,1234.560059,1260.339966,1260.339966,6446940000,51.610001000000004,52.18,51.169998,52.07,46.8969,3903000
940,2011-08-04,1260.22998,1260.22998,1199.540039,1200.069946,1200.069946,4266530000,51.32,51.849998,49.619999,49.650002,44.717331,4817800
941,2011-08-05,1200.280029,1218.109985,1168.089966,1199.380005,1199.380005,5454590000,50.360001000000004,50.790001000000004,48.459998999999996,50.040001000000004,45.068581,3250600
942,2011-08-08,1198.47998,1198.47998,1119.280029,1119.459961,1119.459961,2615150000,48.939999,49.73,47.360001000000004,47.43,42.71788400000001,4508400
943,2011-08-09,1120.22998,1172.880005,1101.540039,1172.530029,1172.530029,2366660000,47.900002,49.049999,46.52,49.009997999999996,44.140910999999996,3119200
944,2011-08-10,1171.77002,1171.77002,1118.01001,1120.76001,1120.76001,5018070000,48.220001,48.419998,45.91,46.040001000000004,41.465965000000004,4809700
945,2011-08-11,1121.300049,1186.290039,1121.300049,1172.640015,1172.640015,3685050000,46.189999,48.110001000000004,45.830002,47.580002,42.852978,4848600
946,2011-08-12,1172.869995,1189.040039,1170.73999,1178.810059,1178.810059,5640380000,48.049999,48.849998,47.369999,48.540001000000004,43.717602,2854600
947,2011-08-15,1178.859985,1204.48999,1178.859985,1204.48999,1204.48999,4272850000,49.02,49.560001,48.57,49.150002,44.266994,2653400
948,2011-08-16,1204.219971,1204.219971,1180.530029,1192.76001,1192.76001,5071600000,48.73,49.040001000000004,48.16,48.419998,43.60952,2318400
949,2011-08-17,1192.890015,1208.469971,1184.359985,1193.890015,1193.890015,4388340000,48.509997999999996,49.130001,47.080002,47.57,42.843979,3285000
950,2011-08-18,1189.619995,1189.619995,1131.030029,1140.650024,1140.650024,3234810000,46.630001,46.66,44.32,44.57,40.142016999999996,4641000
951,2011-08-19,1140.469971,1154.540039,1122.050049,1123.530029,1123.530029,5167560000,44.09,45.700001,43.73,43.799999,39.448528,4804800
952,2011-08-22,1123.550049,1145.48999,1121.089966,1123.819946,1123.819946,5436260000,44.939999,45.27,43.73,43.880001,39.520569,3313700
953,2011-08-23,1124.359985,1162.349976,1124.359985,1162.349976,1162.349976,5013170000,43.830002,46.220001,43.790001000000004,46.139998999999996,41.556042,2906500
954,2011-08-24,1162.160034,1178.560059,1156.300049,1177.599976,1177.599976,5315310000,46.029999,47.099998,45.68,47.02,42.34861400000001,2323600
955,2011-08-25,1176.689941,1190.680054,1155.469971,1159.27002,1159.27002,5748420000,47.23,47.400002,45.98,46.130001,41.547024,2220500
956,2011-08-26,1158.849976,1181.22998,1135.910034,1176.800049,1176.800049,5035320000,45.75,46.73,44.84,46.169998,41.583057000000004,2434400
957,2011-08-29,1177.910034,1210.280029,1177.910034,1210.079956,1210.079956,4228070000,47.400002,48.400002,47.16,48.040001000000004,43.267292,2122500
958,2011-08-30,1209.76001,1220.099976,1195.77002,1212.920044,1212.920044,4572570000,47.830002,48.0,47.07,47.689999,42.952045,2029900
959,2011-08-31,1213.0,1230.709961,1209.349976,1218.890015,1218.890015,5267840000,47.880001,49.639998999999996,47.880001,48.84,43.987801,3129200
960,2011-09-01,1219.119995,1229.290039,1203.849976,1204.420044,1204.420044,4780410000,49.080002,49.41,48.150002,48.240002000000004,43.447414,1951900
961,2011-09-02,1203.900024,1203.900024,1170.560059,1173.969971,1173.969971,4401740000,47.419998,48.080002,46.799999,47.27,42.573776,2502800
962,2011-09-06,1173.969971,1173.969971,1140.130005,1165.23999,1165.23999,5103980000,46.049999,47.880001,45.619999,47.790001000000004,43.042126,3147800
963,2011-09-07,1165.849976,1198.619995,1165.849976,1198.619995,1198.619995,4441040000,48.560001,49.82,48.200001,49.779999,44.834412,3957200
964,2011-09-08,1197.97998,1204.400024,1183.339966,1185.900024,1185.900024,4465170000,49.439999,49.68,48.490002000000004,48.68,43.843703999999995,3559100
965,2011-09-09,1185.369995,1185.369995,1148.369995,1154.22998,1154.22998,4586370000,48.119999,48.16,46.73,46.880001,42.222522999999995,3749300
966,2011-09-12,1153.5,1162.52002,1136.069946,1162.27002,1162.27002,5168550000,46.310001,46.880001,45.73,46.869999,42.213516,2195200
967,2011-09-13,1162.589966,1176.410034,1157.439941,1172.869995,1172.869995,4681370000,46.77,47.740002000000004,46.77,47.639998999999996,42.907013,2292300
968,2011-09-14,1173.319946,1202.380005,1162.72998,1188.680054,1188.680054,4986740000,47.830002,49.299999,47.189999,48.709998999999996,43.870712,2618200
969,2011-09-15,1189.439941,1209.109985,1189.439941,1209.109985,1209.109985,4479730000,49.459998999999996,49.630001,48.119999,49.610001000000004,44.681297,2513100
970,2011-09-16,1209.209961,1220.060059,1204.459961,1216.01001,1216.01001,5248890000,49.880001,50.16,49.130001,49.34,44.438126000000004,3098200
971,2011-09-19,1214.98999,1214.98999,1188.359985,1204.089966,1204.089966,4254190000,48.599998,48.759997999999996,48.049999,48.5,43.68158,1316900
972,2011-09-20,1204.5,1220.390015,1201.290039,1202.089966,1202.089966,4315610000,48.709998999999996,49.75,48.470001,48.490002000000004,43.672577000000004,1708100
973,2011-09-21,1203.630005,1206.300049,1166.209961,1166.76001,1166.76001,4728550000,48.52,48.720001,47.23,47.23,42.537739,2215300
974,2011-09-22,1164.550049,1164.550049,1114.219971,1129.560059,1129.560059,6703140000,46.18,46.700001,45.650002,46.220001,41.628098,4026000
975,2011-09-23,1128.819946,1141.719971,1121.359985,1136.430054,1136.430054,5639930000,46.0,46.360001000000004,45.560001,46.16,41.574047,2479300
976,2011-09-26,1136.910034,1164.189941,1131.069946,1162.949951,1162.949951,4762830000,46.599998,47.310001,45.900002,47.27,42.573776,2050400
977,2011-09-27,1163.319946,1195.859985,1163.319946,1175.380005,1175.380005,5548130000,48.610001000000004,50.130001,48.52,49.16,44.276009,3267800
978,2011-09-28,1175.390015,1184.709961,1150.400024,1151.060059,1151.060059,4787920000,49.0,49.369999,48.360001000000004,48.490002000000004,43.833079999999995,3627200
979,2011-09-29,1151.73999,1175.869995,1139.930054,1160.400024,1160.400024,5285740000,49.209998999999996,49.439999,47.360001000000004,48.220001,43.589001,2560000
980,2011-09-30,1159.930054,1159.930054,1131.339966,1131.420044,1131.420044,4416790000,47.77,48.380001,47.099998,47.130001,42.603683000000004,2153500
981,2011-10-03,1131.209961,1138.98999,1098.920044,1099.22998,1099.22998,5670340000,46.740002000000004,47.400002,45.330002,45.349998,40.994628999999996,2770700
982,2011-10-04,1097.420044,1125.119995,1074.77002,1123.949951,1123.949951,3714670000,44.549999,46.82,44.549999,46.77,42.27825900000001,2500000
983,2011-10-05,1124.030029,1146.069946,1115.680054,1144.030029,1144.030029,2510620000,46.880001,47.700001,46.560001,47.630001,43.055671999999994,1960300
984,2011-10-06,1144.109985,1165.550049,1134.949951,1164.969971,1164.969971,5098330000,47.669998,47.950001,46.66,47.82,43.227416999999996,2609100
985,2011-10-07,1165.030029,1171.400024,1150.26001,1155.459961,1155.459961,5580380000,47.959998999999996,48.389998999999996,47.580002,47.880001,43.281647,2065300
986,2011-10-10,1158.150024,1194.910034,1158.150024,1194.890015,1194.890015,4446800000,48.509997999999996,49.41,48.41,49.389998999999996,44.646626,1784200
987,2011-10-11,1194.599976,1199.23999,1187.300049,1195.540039,1195.540039,4424500000,49.779999,50.52,49.639998999999996,50.099998,45.28843300000001,2771500
988,2011-10-12,1196.189941,1220.25,1196.189941,1207.25,1207.25,5355360000,50.27,51.150002,49.900002,50.16,45.342678,2762000
989,2011-10-13,1206.959961,1207.459961,1190.579956,1203.660034,1203.660034,4436270000,49.779999,50.369999,49.349998,50.18,45.360775,1627500
990,2011-10-14,1205.650024,1224.609985,1205.650024,1224.579956,1224.579956,4116690000,50.639998999999996,50.75,49.810001,50.02,45.216125,1542300
991,2011-10-17,1224.469971,1224.469971,1198.550049,1200.859985,1200.859985,4300700000,49.73,49.959998999999996,48.439999,48.540001000000004,43.878262,1438300
992,2011-10-18,1200.75,1233.099976,1191.47998,1225.380005,1225.380005,4840170000,48.41,49.540001000000004,48.110001000000004,49.049999,44.339279,1807200
993,2011-10-19,1223.459961,1229.640015,1206.310059,1209.880005,1209.880005,4846390000,49.189999,50.040001000000004,49.099998,49.41,44.664726,2242300
994,2011-10-20,1209.920044,1219.530029,1197.339966,1215.390015,1215.390015,4870290000,49.029999,49.810001,47.450001,48.279999,43.643234,3858200
995,2011-10-21,1215.390015,1239.030029,1215.390015,1238.25,1238.25,4980770000,48.82,49.75,48.779999,49.169998,44.447765000000004,2799500
996,2011-10-24,1238.719971,1256.550049,1238.719971,1254.189941,1254.189941,4309380000,49.25,50.139998999999996,49.119999,50.0,45.198048,1906900
997,2011-10-25,1254.189941,1254.189941,1226.790039,1229.050049,1229.050049,4473970000,49.639998999999996,49.709998999999996,48.130001,48.240002000000004,43.607075,1989500
998,2011-10-26,1229.170044,1246.280029,1221.060059,1242.0,1242.0,4873530000,48.610001000000004,48.759997999999996,47.41,48.330002,43.688446,1911300
999,2011-10-27,1243.969971,1292.660034,1243.969971,1284.589966,1284.589966,6367610000,50.52,50.540001000000004,48.68,49.349998,44.610473999999996,2979700
1000,2011-10-28,1284.390015,1287.079956,1277.01001,1285.089966,1285.089966,4536690000,49.560001,50.07,49.560001,49.919998,45.125732,2190600
1001,2011-10-31,1284.959961,1284.959961,1253.160034,1253.300049,1253.300049,4310210000,49.380001,49.41,47.91,47.91,43.308772999999995,2566100
1002,2011-11-01,1251.0,1251.0,1215.420044,1218.280029,1218.280029,5645540000,46.82,47.549999,46.16,47.0,42.486164,3443500
1003,2011-11-02,1219.619995,1242.47998,1219.619995,1237.900024,1237.900024,4110530000,47.810001,47.939999,47.279999,47.759997999999996,43.173164,1581700
1004,2011-11-03,1238.25,1263.209961,1234.810059,1261.150024,1261.150024,4849140000,48.02,48.82,47.669998,48.720001,44.040974,1834800
1005,2011-11-04,1260.819946,1260.819946,1238.920044,1253.22998,1253.22998,3830650000,48.43,48.810001,48.009997999999996,48.560001,43.89633900000001,1930600
1006,2011-11-07,1253.209961,1261.699951,1240.75,1261.119995,1261.119995,3429740000,48.400002,49.07,47.990002000000004,49.060001,44.348324,1858100
1007,2011-11-08,1261.119995,1277.550049,1254.98999,1275.920044,1275.920044,3908490000,49.150002,49.91,48.779999,49.810001,45.026291,1394900
1008,2011-11-09,1275.180054,1275.180054,1226.640015,1229.099976,1229.099976,4659740000,48.73,48.73,47.389998999999996,47.5,42.938140999999995,1947200
1009,2011-11-10,1229.589966,1246.219971,1227.699951,1239.699951,1239.699951,4002760000,48.0,48.5,47.52,48.27,43.634197,1699800
1010,2011-11-11,1240.119995,1266.97998,1240.119995,1263.849976,1263.849976,3370180000,49.07,49.73,48.93,49.48,44.727993,1380800
1011,2011-11-14,1263.849976,1263.849976,1246.680054,1251.780029,1251.780029,3219680000,49.25,49.630001,48.830002,48.939999,44.239845,1313600
1012,2011-11-15,1251.699951,1264.25,1244.339966,1257.810059,1257.810059,3599300000,48.869999,49.75,48.650002,49.560001,44.80032,1598100
1013,2011-11-16,1257.810059,1259.609985,1235.670044,1236.910034,1236.910034,4085010000,48.93,49.790001000000004,48.75,48.779999,44.095215,1754700
1014,2011-11-17,1236.560059,1237.72998,1209.430054,1216.130005,1216.130005,4596450000,48.610001000000004,48.82,47.5,47.91,43.308772999999995,2311300
1015,2011-11-18,1216.189941,1223.51001,1211.359985,1215.650024,1215.650024,3827610000,48.18,48.220001,47.59,47.810001,43.218371999999995,1844000
1016,2011-11-21,1215.619995,1215.619995,1183.160034,1192.97998,1192.97998,4050070000,47.0,47.400002,46.23,46.23,41.790104,2291600
1017,2011-11-22,1192.97998,1196.810059,1181.650024,1188.040039,1188.040039,3911710000,46.189999,46.790001000000004,45.860001000000004,46.360001000000004,41.907635,1802300
1018,2011-11-23,1187.47998,1187.47998,1161.790039,1161.790039,1161.790039,3798940000,45.77,45.959998999999996,45.450001,45.470001,41.103096,2252800
1019,2011-11-25,1161.410034,1172.660034,1158.660034,1158.670044,1158.670044,1664200000,45.540001000000004,46.110001000000004,45.5,45.52,41.148303999999996,610500
1020,2011-11-28,1158.670044,1197.349976,1158.670044,1192.550049,1192.550049,3920750000,46.470001,47.18,46.380001,46.959998999999996,42.450005,1701500
1021,2011-11-29,1192.560059,1203.670044,1191.800049,1195.189941,1195.189941,3992650000,47.0,47.259997999999996,46.470001,46.619999,42.142662,1927400
1022,2011-11-30,1196.719971,1247.109985,1196.719971,1246.959961,1246.959961,5801910000,47.650002,48.880001,47.650002,48.830002,44.140411,2436900
1023,2011-12-01,1246.910034,1251.089966,1239.72998,1244.579956,1244.579956,3818680000,48.799999,49.709998999999996,48.66,49.529999,44.77317,1820600
1024,2011-12-02,1246.030029,1260.079956,1243.349976,1244.280029,1244.280029,4144310000,49.779999,50.0,46.77,47.619999,43.046616,5840200
1025,2011-12-05,1244.329956,1266.72998,1244.329956,1257.079956,1257.079956,4148060000,48.68,49.310001,48.580002,49.09,44.375454,2773600
1026,2011-12-06,1257.189941,1266.030029,1253.030029,1258.469971,1258.469971,3734230000,49.23,49.23,48.099998,48.529999,43.869221,1777600
1027,2011-12-07,1258.140015,1267.060059,1244.800049,1261.01001,1261.01001,4160540000,48.240002000000004,48.439999,47.48,48.27,43.634197,2322800
1028,2011-12-08,1260.869995,1260.869995,1231.469971,1234.349976,1234.349976,4298370000,47.950001,48.169998,47.009997999999996,47.119999,42.594631,2604300
1029,2011-12-09,1234.47998,1258.25,1234.47998,1255.189941,1255.189941,3830610000,47.279999,48.189999,47.27,47.849998,43.254536,1342400
1030,2011-12-12,1255.050049,1255.050049,1227.25,1236.469971,1236.469971,3600570000,47.490002000000004,47.549999,46.84,47.07,42.549438,1747700
1031,2011-12-13,1236.829956,1249.859985,1219.430054,1225.72998,1225.72998,4121570000,47.119999,47.369999,46.610001000000004,46.849998,42.350571,2309700
1032,2011-12-14,1225.72998,1225.72998,1209.469971,1211.819946,1211.819946,4298290000,46.900002,47.060001,46.290001000000004,46.77,42.27825900000001,1814000
1033,2011-12-15,1212.119995,1225.599976,1212.119995,1215.75,1215.75,3810340000,46.380001,47.099998,46.259997999999996,46.630001,42.15170300000001,1851800
1034,2011-12-16,1216.089966,1231.040039,1215.199951,1219.660034,1219.660034,5345800000,47.0,47.0,45.959998999999996,46.209998999999996,41.772038,3740000
1035,2011-12-19,1219.73999,1224.569946,1202.369995,1205.349976,1205.349976,3659820000,46.389998999999996,46.900002,45.610001000000004,45.779999,41.383334999999995,2046200
1036,2011-12-20,1205.719971,1242.819946,1205.719971,1241.300049,1241.300049,4055590000,46.700001,48.09,46.700001,47.759997999999996,43.173164,2696700
1037,2011-12-21,1241.25,1245.089966,1229.51001,1243.719971,1243.719971,2959020000,47.57,48.669998,47.470001,48.599998,43.932503000000004,2690400
1038,2011-12-22,1243.719971,1255.219971,1243.719971,1254.0,1254.0,3492250000,48.619999,49.720001,48.619999,49.720001,44.944939,1936900
1039,2011-12-23,1254.0,1265.420044,1254.0,1265.329956,1265.329956,2233830000,49.709998999999996,50.060001,49.5,50.009997999999996,45.207096,1173500
1040,2011-12-27,1265.02002,1269.369995,1262.300049,1265.430054,1265.430054,2130590000,49.740002000000004,50.099998,49.619999,49.849998,45.254753,946400
1041,2011-12-28,1265.380005,1265.849976,1248.640015,1249.640015,1249.640015,2349980000,49.779999,49.880001,49.110001000000004,49.310001,44.764523,1195000
1042,2011-12-29,1249.75,1263.540039,1249.75,1263.02002,1263.02002,2278130000,49.07,49.669998,48.939999,49.59,45.018715,965400
1043,2011-12-30,1262.819946,1264.119995,1257.459961,1257.599976,1257.599976,2271850000,49.669998,50.25,49.580002,49.709998999999996,45.127651,1578700
1044,2012-01-03,1258.859985,1284.619995,1258.859985,1277.060059,1277.060059,3943710000,50.650002,51.23,50.380001,51.07,46.362289000000004,2668700
1045,2012-01-04,1277.030029,1278.72998,1268.099976,1277.300049,1277.300049,3592580000,50.91,51.279999,50.43,51.25,46.525692,2626800
1046,2012-01-05,1277.300049,1283.050049,1265.26001,1281.060059,1281.060059,4315950000,51.09,51.32,50.860001000000004,51.189999,46.471218,3304800
1047,2012-01-06,1280.930054,1281.839966,1273.339966,1277.810059,1277.810059,3656830000,51.299999,52.060001,51.25,51.5,46.752651,2365400
1048,2012-01-09,1277.829956,1281.98999,1274.550049,1280.699951,1280.699951,3371600000,51.720001,51.919998,51.490002000000004,51.799999,47.024998,1609500
1049,2012-01-10,1280.77002,1296.459961,1280.77002,1292.079956,1292.079956,4221960000,52.16,52.5,51.709998999999996,52.259997999999996,47.442585,3150900
1050,2012-01-11,1292.02002,1293.800049,1285.410034,1292.47998,1292.47998,3968120000,51.950001,53.099998,51.639998999999996,53.02,48.132529999999996,3107500
1051,2012-01-12,1292.47998,1296.819946,1285.77002,1295.5,1295.5,4019890000,52.23,52.959998999999996,51.669998,52.490002000000004,47.651385999999995,2894300
1052,2012-01-13,1294.819946,1294.819946,1277.579956,1289.089966,1289.089966,3692370000,52.150002,52.330002,51.490002000000004,51.73,46.961441,1897600
1053,2012-01-17,1290.219971,1303.0,1290.219971,1293.670044,1293.670044,4010490000,52.299999,52.740002000000004,51.889998999999996,52.009997999999996,47.21563,1907400
1054,2012-01-18,1293.650024,1308.109985,1290.98999,1308.040039,1308.040039,4096160000,51.990002000000004,52.5,51.32,52.169998,47.360889,3397700
1055,2012-01-19,1308.069946,1315.48999,1308.069946,1314.5,1314.5,4465890000,51.540001000000004,53.18,51.41,52.799999,47.932808,2278000
1056,2012-01-20,1314.48999,1315.380005,1309.170044,1315.380005,1315.380005,3912620000,52.869999,53.369999,52.389998999999996,53.139998999999996,48.24147,1689000
1057,2012-01-23,1315.290039,1322.280029,1309.890015,1316.0,1316.0,3770910000,53.080002,53.119999,52.23,52.799999,47.932808,1425900
1058,2012-01-24,1315.959961,1315.959961,1306.060059,1314.650024,1314.650024,3693560000,52.650002,53.5,52.150002,52.939999,48.059909999999995,1995600
1059,2012-01-25,1314.400024,1328.300049,1307.650024,1326.060059,1326.060059,4410910000,52.830002,55.27,52.830002,55.060001,49.984486,4791300
1060,2012-01-26,1326.280029,1333.469971,1313.599976,1318.430054,1318.430054,4522070000,55.380001,55.869999,54.560001,54.869999,49.811993,2760200
1061,2012-01-27,1318.25,1320.060059,1311.719971,1316.329956,1316.329956,4007380000,54.700001,55.040001000000004,54.52,54.900002,49.83923,1636000
1062,2012-01-30,1316.160034,1316.160034,1300.48999,1313.01001,1313.01001,3659010000,54.400002,55.060001,54.07,55.02,49.948166,2431100
1063,2012-01-31,1313.530029,1321.410034,1306.689941,1312.410034,1312.410034,4235550000,55.470001,55.810001,55.0,55.43,50.320374,2450900
1064,2012-02-01,1312.449951,1330.52002,1312.449951,1324.089966,1324.089966,4504360000,54.830002,55.740002000000004,54.82,55.220001,50.12973,2303300
1065,2012-02-02,1324.23999,1329.189941,1321.569946,1325.540039,1325.540039,4120920000,55.400002,55.400002,54.77,55.0,49.930015999999995,2234900
1066,2012-02-03,1326.209961,1345.339966,1326.209961,1344.900024,1344.900024,4608550000,55.450001,55.66,55.080002,55.610001000000004,50.483784,2718200
1067,2012-02-06,1344.319946,1344.359985,1337.52002,1344.329956,1344.329956,3379700000,55.48,55.900002,55.450001,55.669998,50.53825,2781600
1068,2012-02-07,1344.329956,1349.23999,1335.920044,1347.050049,1347.050049,3742460000,55.389998999999996,55.57,54.93,55.18,50.093426,1474900
1069,2012-02-08,1347.040039,1351.0,1341.949951,1349.959961,1349.959961,4096730000,55.240002000000004,55.529999,54.560001,54.75,49.703068,1774700
1070,2012-02-09,1349.969971,1354.319946,1344.630005,1351.949951,1351.949951,4209890000,54.080002,54.299999,53.75,53.959998999999996,48.985886,3307900
1071,2012-02-10,1351.209961,1351.209961,1337.349976,1342.640015,1342.640015,3877580000,53.66,53.759997999999996,52.91,53.540001000000004,48.604603000000004,2329400
1072,2012-02-13,1343.060059,1353.349976,1343.060059,1351.77002,1351.77002,3618040000,53.790001000000004,54.169998,53.689999,53.869999,48.904175,1751000
1073,2012-02-14,1351.300049,1351.300049,1340.829956,1350.5,1350.5,3889520000,53.25,53.77,53.23,53.52,48.586437,1139200
1074,2012-02-15,1350.52002,1355.869995,1340.800049,1343.22998,1343.22998,4080340000,53.84,54.080002,53.360001000000004,53.580002,48.640919,1224700
1075,2012-02-16,1342.609985,1359.02002,1341.219971,1358.040039,1358.040039,4108880000,53.709998999999996,53.73,53.25,53.650002,48.704453,1241000
1076,2012-02-17,1358.060059,1363.400024,1357.23999,1361.22998,1361.22998,3717640000,53.900002,54.25,53.549999,53.599998,48.659069,1389700
1077,2012-02-21,1361.219971,1367.76001,1358.109985,1362.209961,1362.209961,3795200000,53.77,53.889998999999996,53.220001,53.330002,48.413959999999996,1151700
1078,2012-02-22,1362.109985,1362.699951,1355.530029,1357.660034,1357.660034,3633710000,53.419998,53.66,53.32,53.439999,48.513821,1085700
1079,2012-02-23,1357.530029,1364.23999,1352.280029,1363.459961,1363.459961,3786450000,53.43,54.279999,53.240002000000004,53.919998,48.949562,1529700
1080,2012-02-24,1363.459961,1368.920044,1363.459961,1365.73999,1365.73999,3505360000,54.040001000000004,54.810001,53.939999,54.779999,49.730289,1464600
1081,2012-02-27,1365.199951,1371.939941,1354.920044,1367.589966,1367.589966,3648890000,54.25,55.07,54.09,54.959998999999996,49.8937,1542700
1082,2012-02-28,1367.560059,1373.089966,1365.969971,1372.180054,1372.180054,3579120000,54.75,55.040001000000004,54.389998999999996,54.560001,49.530571,1692800
1083,2012-02-29,1372.199951,1378.040039,1363.810059,1365.680054,1365.680054,4482370000,54.689999,54.689999,53.59,53.639998999999996,48.695389,2123800
1084,2012-03-01,1365.900024,1376.170044,1365.900024,1374.089966,1374.089966,3919240000,53.849998,54.0,52.93,53.139998999999996,48.24147,2643800
1085,2012-03-02,1374.089966,1374.530029,1366.420044,1369.630005,1369.630005,3283490000,53.049999,53.470001,52.799999,53.209998999999996,48.305023,2041300
1086,2012-03-05,1369.589966,1369.589966,1359.130005,1364.329956,1364.329956,3429480000,53.150002,53.310001,52.610001000000004,52.799999,47.932808,1365800
1087,2012-03-06,1363.630005,1363.630005,1340.030029,1343.359985,1343.359985,4191060000,52.220001,52.419998,51.84,52.029999,47.233791,1807000
1088,2012-03-07,1343.390015,1354.849976,1343.390015,1352.630005,1352.630005,3580380000,51.869999,52.23,51.740002000000004,52.049999,47.251942,1816600
1089,2012-03-08,1352.650024,1368.719971,1352.650024,1365.910034,1365.910034,3543060000,52.360001000000004,52.889998999999996,52.290001000000004,52.77,47.905582,1068100
1090,2012-03-09,1365.969971,1374.76001,1365.969971,1370.869995,1370.869995,3639470000,53.009997999999996,53.66,52.860001000000004,52.900002,48.023594,1226900
1091,2012-03-12,1370.780029,1373.040039,1366.689941,1371.089966,1371.089966,3081870000,52.84,53.200001,52.360001000000004,52.400002,47.56968300000001,1224700
1092,2012-03-13,1371.920044,1396.130005,1371.920044,1395.949951,1395.949951,4386470000,52.799999,53.41,52.740002000000004,53.330002,48.413959999999996,1408700
1093,2012-03-14,1395.949951,1399.420044,1389.969971,1394.280029,1394.280029,4502280000,53.259997999999996,54.290001000000004,53.23,54.23,49.230999,1963200
1094,2012-03-15,1394.170044,1402.630005,1392.780029,1402.599976,1402.599976,4271650000,54.360001000000004,55.07,54.09,55.0,49.930015999999995,1389300
1095,2012-03-16,1402.550049,1405.880005,1401.469971,1404.170044,1404.170044,5163950000,55.130001,55.25,54.700001,54.900002,49.83923,1764600
1096,2012-03-19,1404.170044,1414.0,1402.430054,1409.75,1409.75,3932570000,54.599998,55.279999,54.560001,54.950001,49.884628,1502000
1097,2012-03-20,1409.589966,1409.589966,1397.680054,1405.52002,1405.52002,3695280000,54.779999,54.990002000000004,54.75,54.82,49.766602,679500
1098,2012-03-21,1405.52002,1407.75,1400.640015,1402.890015,1402.890015,3573590000,54.779999,55.02,54.650002,54.849998,49.793842,1076800
1099,2012-03-22,1402.890015,1402.890015,1388.72998,1392.780029,1392.780029,3740590000,54.400002,54.669998,54.07,54.220001,49.221924,1208000
1100,2012-03-23,1392.780029,1399.180054,1386.869995,1397.109985,1397.109985,3472950000,54.349998,54.610001000000004,54.200001,54.439999,49.421631,1024400
1101,2012-03-26,1397.109985,1416.579956,1397.109985,1416.51001,1416.51001,3576950000,54.759997999999996,55.540001000000004,54.650002,55.509997999999996,50.393002,1534200
1102,2012-03-27,1416.550049,1419.150024,1411.949951,1412.52002,1412.52002,3513640000,55.529999,55.75,55.25,55.34,50.23867,889000
1103,2012-03-28,1412.52002,1413.650024,1397.199951,1405.540039,1405.540039,3892800000,55.200001,55.459998999999996,54.59,55.049999,50.168040999999995,1050000
1104,2012-03-29,1405.390015,1405.390015,1391.560059,1403.280029,1403.280029,3832000000,54.740002000000004,55.209998999999996,54.459998999999996,55.080002,50.195389,1479700
1105,2012-03-30,1403.310059,1410.890015,1401.420044,1408.469971,1408.469971,3676890000,55.330002,55.59,55.23,55.48,50.559914,3054300
1106,2012-04-02,1408.469971,1422.380005,1404.459961,1419.040039,1419.040039,3572010000,55.669998,55.869999,55.5,55.549999,50.623703000000006,1773900
1107,2012-04-03,1418.97998,1419.0,1404.619995,1413.380005,1413.380005,3822090000,55.5,55.779999,55.16,55.580002,50.651039000000004,1580000
1108,2012-04-04,1413.089966,1413.089966,1394.089966,1398.959961,1398.959961,3938290000,55.279999,55.279999,54.470001,54.77,49.912888,1935600
1109,2012-04-05,1398.790039,1401.599976,1392.920044,1398.079956,1398.079956,3303740000,54.380001,55.029999,54.32,55.029999,50.149826000000004,2235300
1110,2012-04-09,1397.449951,1397.449951,1378.23999,1382.199951,1382.199951,3468980000,54.25,54.330002,53.919998,54.150002,49.347854999999996,1505600
1111,2012-04-10,1382.180054,1383.01001,1357.380005,1358.589966,1358.589966,4631730000,53.91,53.970001,53.110001000000004,53.110001000000004,48.400085,1665900
1112,2012-04-11,1358.97998,1374.709961,1358.97998,1368.709961,1368.709961,3743040000,53.82,54.259997999999996,53.509997999999996,53.830002,49.056232,1170200
1113,2012-04-12,1368.77002,1388.130005,1368.77002,1387.569946,1387.569946,3618280000,53.91,55.040001000000004,53.700001,54.860001000000004,49.994904,1508800
1114,2012-04-13,1387.609985,1387.609985,1369.849976,1370.26001,1370.26001,3631160000,54.77,55.18,53.950001,53.959998999999996,49.174713,1487200
1115,2012-04-16,1370.27002,1379.660034,1365.380005,1369.569946,1369.569946,3574780000,54.130001,54.400002,53.869999,54.240002000000004,49.429885999999996,1754000
1116,2012-04-17,1369.569946,1392.76001,1369.569946,1390.780029,1390.780029,3456200000,54.580002,55.240002000000004,54.43,54.889998999999996,50.022240000000004,2114500
1117,2012-04-18,1390.780029,1390.780029,1383.290039,1385.140015,1385.140015,3463140000,55.52,57.150002,55.040001000000004,55.459998999999996,50.541683,3830600
1118,2012-04-19,1385.079956,1390.459961,1370.300049,1376.920044,1376.920044,4180020000,55.610001000000004,55.689999,53.889998999999996,54.360001000000004,49.539242,2972600
1119,2012-04-20,1376.959961,1387.400024,1376.959961,1378.530029,1378.530029,3833320000,54.48,54.48,53.869999,53.93,49.147369,1883900
1120,2012-04-23,1378.530029,1378.530029,1358.790039,1366.939941,1366.939941,3654860000,53.279999,53.299999,52.400002,52.700001,48.026447,2150300
1121,2012-04-24,1366.969971,1375.569946,1366.819946,1371.969971,1371.969971,3617100000,52.970001,53.220001,52.580002,53.16,48.445656,1472700
1122,2012-04-25,1372.109985,1391.369995,1372.109985,1390.689941,1390.689941,3998430000,53.389998999999996,53.740002000000004,53.169998,53.68,48.919548,1293300
1123,2012-04-26,1390.640015,1402.089966,1387.280029,1399.97998,1399.97998,4034700000,53.290001000000004,54.150002,52.889998999999996,54.060001,49.265839,2658600
1124,2012-04-27,1400.189941,1406.640015,1397.310059,1403.359985,1403.359985,3645830000,54.560001,54.759997999999996,54.049999,54.560001,49.721493,2003700
1125,2012-04-30,1403.26001,1403.26001,1394.0,1397.910034,1397.910034,3574010000,54.720001,54.799999,54.189999,54.57,49.730621,1558400
1126,2012-05-01,1397.859985,1415.319946,1395.72998,1405.819946,1405.819946,3807950000,54.380001,55.130001,53.98,54.869999,50.004005,1268000
1127,2012-05-02,1405.5,1405.5,1393.920044,1402.310059,1402.310059,3803860000,54.09,54.700001,53.48,54.66,49.812634,1875800
1128,2012-05-03,1402.319946,1403.069946,1388.709961,1391.569946,1391.569946,4004910000,54.799999,55.099998,54.5,54.759997999999996,49.903759,1368600
1129,2012-05-04,1391.51001,1391.51001,1367.959961,1369.099976,1369.099976,3975140000,54.5,54.529999,53.860001000000004,53.869999,49.092696999999994,1512700
1130,2012-05-07,1368.790039,1373.910034,1363.939941,1369.579956,1369.579956,3559390000,53.650002,54.459998999999996,53.650002,54.119999,49.320510999999996,1043100
1131,2012-05-08,1369.160034,1369.160034,1347.75,1363.719971,1363.719971,4261670000,53.720001,54.189999,53.400002,54.150002,49.347854999999996,1498500
1132,2012-05-09,1363.199951,1363.72998,1343.130005,1354.579956,1354.579956,4288540000,53.509997999999996,53.75,52.93,53.25,48.527671999999995,1460300
1133,2012-05-10,1354.579956,1365.880005,1354.579956,1357.98999,1357.98999,3727990000,53.630001,54.060001,53.27,53.369999,48.637039,1090300
1134,2012-05-11,1358.109985,1365.660034,1348.890015,1353.390015,1353.390015,3869070000,53.240002000000004,53.709998999999996,53.0,53.18,48.463882,759500
1135,2012-05-14,1351.930054,1351.930054,1336.609985,1338.349976,1338.349976,3688120000,52.650002,53.02,52.259997999999996,52.639998999999996,47.971767,1253300
1136,2012-05-15,1338.359985,1344.939941,1328.410034,1330.660034,1330.660034,4114040000,52.669998,52.689999,51.91,51.990002000000004,47.379417,1248500
1137,2012-05-16,1330.780029,1341.780029,1324.790039,1324.800049,1324.800049,4280420000,52.119999,52.360001000000004,51.580002,51.73,47.142466999999996,1708000
1138,2012-05-17,1324.819946,1326.359985,1304.859985,1304.859985,1304.859985,4664280000,51.759997999999996,51.93,50.98,50.98,46.458984,1131700
1139,2012-05-18,1305.050049,1312.23999,1291.97998,1295.219971,1295.219971,4512470000,51.209998999999996,51.209998999999996,50.099998,50.259997999999996,45.80283,1748700
1140,2012-05-21,1295.72998,1316.390015,1295.72998,1315.98999,1315.98999,3786750000,50.48,51.459998999999996,50.349998,51.43,46.869068,1443700
1141,2012-05-22,1316.089966,1328.48999,1310.040039,1316.630005,1316.630005,4123680000,51.439999,51.959998999999996,51.23,51.720001,47.133358,2314300
1142,2012-05-23,1316.02002,1320.709961,1296.530029,1318.859985,1318.859985,4108330000,51.459998999999996,51.459998999999996,50.73,51.279999,46.732368,1835200
1143,2012-05-24,1318.719971,1324.140015,1310.5,1320.680054,1320.680054,3937670000,51.380001,51.889998999999996,51.09,51.720001,47.133358,1435500
1144,2012-05-25,1320.810059,1324.199951,1314.22998,1317.819946,1317.819946,2872660000,51.689999,52.080002,51.580002,51.849998,47.251827,968400
1145,2012-05-29,1318.900024,1334.930054,1318.900024,1332.420044,1332.420044,3441640000,52.41,52.709998999999996,52.049999,52.59,47.926212,2076600
1146,2012-05-30,1331.25,1331.25,1310.76001,1313.319946,1313.319946,3534290000,52.369999,52.369999,51.369999,51.549999,46.978428,1246500
1147,2012-05-31,1313.089966,1319.73999,1298.900024,1310.329956,1310.329956,4557620000,51.490002000000004,51.799999,50.869999,51.450001,46.887314,2177000
1148,2012-06-01,1309.869995,1309.869995,1277.25,1278.040039,1278.040039,4669350000,50.740002000000004,50.91,49.98,50.009997999999996,45.575001,1741400
1149,2012-06-04,1278.290039,1282.550049,1266.73999,1278.180054,1278.180054,4011960000,49.900002,50.060001,49.43,49.84,45.420078000000004,1726500
1150,2012-06-05,1277.819946,1287.619995,1274.160034,1285.5,1285.5,3403230000,49.639998999999996,50.950001,49.560001,50.790001000000004,46.285824,1751200
1151,2012-06-06,1285.609985,1315.130005,1285.609985,1315.130005,1315.130005,4268360000,51.02,51.290001000000004,50.84,51.25,46.705040000000004,1507200
1152,2012-06-07,1316.150024,1329.050049,1312.680054,1314.98999,1314.98999,4258140000,51.73,51.990002000000004,51.080002,51.189999,46.65035200000001,1001500
1153,2012-06-08,1314.98999,1325.810059,1307.77002,1325.660034,1325.660034,3497190000,51.029999,51.369999,50.900002,51.310001,46.759705,1793700
1154,2012-06-11,1325.719971,1335.52002,1307.72998,1308.930054,1308.930054,3537530000,51.630001,51.98,51.360001000000004,51.41,46.850849,2006300
1155,2012-06-12,1309.400024,1324.310059,1306.619995,1324.180054,1324.180054,3442920000,51.540001000000004,51.790001000000004,51.029999,51.779999,47.18803,981800
1156,2012-06-13,1324.02002,1327.280029,1310.51001,1314.880005,1314.880005,3506510000,51.73,52.16,51.32,51.490002000000004,46.923756,1130300
1157,2012-06-14,1314.880005,1333.680054,1314.140015,1329.099976,1329.099976,3687720000,51.650002,52.57,51.549999,52.34,47.698376,1482400
1158,2012-06-15,1329.189941,1343.319946,1329.189941,1342.839966,1342.839966,4401570000,52.720001,54.279999,52.5,54.150002,49.347854999999996,3727000
1159,2012-06-18,1342.420044,1348.219971,1334.459961,1344.780029,1344.780029,3259430000,54.0,54.810001,53.900002,54.57,49.730621,1950300
1160,2012-06-19,1344.829956,1363.459961,1344.829956,1357.97998,1357.97998,3815350000,54.779999,55.540001000000004,54.75,55.189999,50.295628,2017000
1161,2012-06-20,1358.040039,1361.569946,1346.449951,1355.689941,1355.689941,3695700000,55.16,55.240002000000004,54.48,54.900002,50.031353,1692300
1162,2012-06-21,1355.430054,1358.27002,1324.410034,1325.51001,1325.51001,4094470000,55.080002,55.25,53.66,53.75,48.983318,1724800
1163,2012-06-22,1325.920044,1337.819946,1325.920044,1335.02002,1335.02002,5271490000,54.009997999999996,54.759997999999996,53.689999,54.57,49.730621,2621600
1164,2012-06-25,1334.900024,1334.900024,1309.27002,1313.719971,1313.719971,3501820000,54.139998999999996,54.23,53.580002,53.709998999999996,48.946869,1552700
1165,2012-06-26,1314.089966,1324.23999,1310.300049,1319.98999,1319.98999,3412940000,53.720001,54.029999,53.380001,53.82,49.047127,1344000
1166,2012-06-27,1320.709961,1334.400024,1320.709961,1331.849976,1331.849976,3286910000,53.740002000000004,54.52,53.709998999999996,54.330002,49.708157,1371300
1167,2012-06-28,1331.52002,1331.52002,1313.290039,1329.040039,1329.040039,3969370000,54.029999,54.200001,52.75,53.790001000000004,49.214088000000004,2701800
1168,2012-06-29,1330.119995,1362.170044,1330.119995,1362.160034,1362.160034,4590480000,54.700001,55.099998,54.630001,55.099998,50.412651000000004,1835000
1169,2012-07-02,1362.329956,1366.349976,1355.699951,1365.51001,1365.51001,3301650000,55.0,55.02,53.959998999999996,54.669998,50.019245,1744000
1170,2012-07-03,1365.75,1374.810059,1363.530029,1374.02002,1374.02002,2116390000,54.580002,54.900002,54.41,54.68,50.028389000000004,1105400
1171,2012-07-05,1373.719971,1373.849976,1363.02002,1367.579956,1367.579956,3041520000,54.529999,54.549999,54.040001000000004,54.209998999999996,49.598366,959800
1172,2012-07-06,1367.089966,1367.089966,1348.030029,1354.680054,1354.680054,2745140000,53.490002000000004,53.59,52.959998999999996,53.540001000000004,48.985367,1221500
1173,2012-07-09,1354.660034,1354.869995,1346.650024,1352.459961,1352.459961,2904860000,53.490002000000004,53.720001,53.299999,53.669998,49.104298,834300
1174,2012-07-10,1352.959961,1361.540039,1336.27002,1341.469971,1341.469971,3470600000,54.18,54.18,52.91,53.060001,48.546196,1361500
1175,2012-07-11,1341.400024,1345.0,1333.25,1341.449951,1341.449951,3426290000,52.91,53.209998999999996,52.650002,53.060001,48.546196,1680800
1176,2012-07-12,1341.290039,1341.290039,1325.410034,1334.76001,1334.76001,3654440000,52.689999,52.880001,52.290001000000004,52.720001,48.23513,1289300
1177,2012-07-13,1334.810059,1357.699951,1334.810059,1356.780029,1356.780029,3212930000,52.82,53.209998999999996,52.709998999999996,53.049999,48.537048,822100
1178,2012-07-16,1356.5,1357.26001,1348.51001,1353.640015,1353.640015,2862720000,53.150002,53.259997999999996,52.73,52.900002,48.399811,1145700
1179,2012-07-17,1353.680054,1365.359985,1345.069946,1363.670044,1363.670044,3566680000,53.169998,53.75,52.860001000000004,53.720001,49.150047,1912200
1180,2012-07-18,1363.579956,1375.26001,1358.959961,1372.780029,1372.780029,3642630000,53.509997999999996,54.43,51.889998999999996,53.57,49.012809999999995,2318800
1181,2012-07-19,1373.01001,1380.390015,1371.209961,1376.51001,1376.51001,4043360000,52.32,53.09,50.959998999999996,52.139998999999996,47.704456,4618100
1182,2012-07-20,1376.51001,1376.51001,1362.189941,1362.660034,1362.660034,3925020000,51.970001,52.080002,51.119999,51.380001,47.009113,2013800
1183,2012-07-23,1362.339966,1362.339966,1337.560059,1350.52002,1350.52002,3717180000,50.700001,51.029999,50.330002,50.75,46.432709,1465800
1184,2012-07-24,1350.52002,1351.530029,1329.23999,1338.310059,1338.310059,3891290000,51.09,51.220001,50.040001000000004,50.75,46.432709,2309500
1185,2012-07-25,1338.349976,1343.97998,1331.5,1337.890015,1337.890015,3719170000,50.810001,51.560001,50.810001,51.27,46.908474,2240800
1186,2012-07-26,1338.170044,1363.130005,1338.170044,1360.02002,1360.02002,4429300000,51.82,51.880001,50.93,51.299999,46.935928000000004,2064200
1187,2012-07-27,1360.050049,1389.189941,1360.050049,1385.969971,1385.969971,4399010000,51.619999,52.549999,51.52,52.41,47.951496,1953900
1188,2012-07-30,1385.939941,1391.73999,1381.369995,1385.300049,1385.300049,3212060000,52.23,52.540001000000004,51.959998999999996,52.34,47.887451,984400
1189,2012-07-31,1385.27002,1387.160034,1379.170044,1379.319946,1379.319946,3821570000,52.41,52.580002,51.990002000000004,52.029999,47.603825,1375400
1190,2012-08-01,1379.319946,1385.030029,1373.349976,1375.319946,1375.319946,4440920000,52.360001000000004,53.09,52.279999,52.830002,48.335772999999996,2228600
1191,2012-08-02,1375.130005,1375.130005,1354.650024,1365.0,1365.0,4193740000,51.98,52.16,50.959998999999996,51.400002,47.027415999999995,2406200
1192,2012-08-03,1365.449951,1394.160034,1365.449951,1390.98999,1390.98999,3751170000,52.529999,52.869999,52.110001000000004,52.75,48.262577,1700800
1193,2012-08-06,1391.040039,1399.630005,1391.040039,1394.22998,1394.22998,3122050000,52.869999,53.369999,52.66,52.939999,48.436405,1335800
1194,2012-08-07,1394.459961,1407.140015,1394.459961,1401.349976,1401.349976,3682490000,52.98,53.279999,52.889998999999996,53.0,48.491299,1152600
1195,2012-08-08,1401.22998,1404.140015,1396.130005,1402.219971,1402.219971,3221790000,52.869999,53.169998,52.580002,52.990002000000004,48.482155,1171800
1196,2012-08-09,1402.26001,1405.949951,1398.800049,1402.800049,1402.800049,3119610000,52.889998999999996,53.25,52.700001,52.790001000000004,48.299171,1524200
1197,2012-08-10,1402.579956,1405.97998,1395.619995,1405.869995,1405.869995,2767980000,52.650002,53.18,52.650002,53.060001,48.546196,1626500
1198,2012-08-13,1405.869995,1405.869995,1397.319946,1404.109985,1404.109985,2499990000,52.830002,53.41,52.73,53.200001,48.674285999999995,2305700
1199,2012-08-14,1404.359985,1410.030029,1400.599976,1403.930054,1403.930054,2930900000,53.380001,53.82,53.380001,53.790001000000004,49.214088000000004,1867400
1200,2012-08-15,1403.890015,1407.72998,1401.829956,1405.530029,1405.530029,2655750000,53.599998,54.360001000000004,53.599998,54.110001000000004,49.506865999999995,1276800
1201,2012-08-16,1405.569946,1417.439941,1404.150024,1415.51001,1415.51001,3114100000,54.09,54.759997999999996,53.939999,54.5,49.863701,1818600
1202,2012-08-17,1415.839966,1418.709961,1414.670044,1418.160034,1418.160034,2922990000,54.48,54.549999,54.09,54.360001000000004,49.735611,1799100
1203,2012-08-20,1417.849976,1418.130005,1412.119995,1418.130005,1418.130005,2766320000,54.360001000000004,54.549999,54.16,54.5,49.863701,1122700
1204,2012-08-21,1418.130005,1426.680054,1410.859985,1413.170044,1413.170044,3282950000,54.57,55.07,54.200001,54.299999,49.680717,1662400
1205,2012-08-22,1413.089966,1416.119995,1406.780029,1413.48999,1413.48999,3062690000,54.450001,54.48,53.650002,53.82,49.241554,2154800
1206,2012-08-23,1413.48999,1413.48999,1400.5,1402.079956,1402.079956,3008240000,53.799999,53.900002,53.02,53.23,48.701736,1654400
1207,2012-08-24,1401.98999,1413.459961,1398.040039,1411.130005,1411.130005,2598790000,53.169998,53.860001000000004,53.110001000000004,53.740002000000004,49.168343,882800
1208,2012-08-27,1411.130005,1416.170044,1409.109985,1410.439941,1410.439941,2472500000,53.759997999999996,54.220001,53.509997999999996,53.689999,49.122608,856500
1209,2012-08-28,1410.439941,1413.630005,1405.589966,1409.300049,1409.300049,2629090000,53.59,54.080002,53.59,53.720001,49.150047,1573500
1210,2012-08-29,1409.319946,1413.949951,1406.569946,1410.48999,1410.48999,2571220000,53.720001,53.869999,53.48,53.580002,49.021961,1182100
1211,2012-08-30,1410.079956,1410.079956,1397.01001,1399.47998,1399.47998,2530280000,53.189999,53.34,52.77,53.110001000000004,48.591941999999996,1160700
1212,2012-08-31,1400.069946,1413.089966,1398.959961,1406.579956,1406.579956,2938250000,53.369999,53.700001,52.93,53.259997999999996,48.729178999999995,964400
1213,2012-09-04,1406.540039,1409.310059,1396.560059,1404.939941,1404.939941,3200310000,54.25,55.490002000000004,53.650002,53.82,49.241554,2431300
1214,2012-09-05,1404.939941,1408.810059,1401.25,1403.439941,1403.439941,3389110000,53.779999,53.779999,52.830002,53.119999,48.601089,2108300
1215,2012-09-06,1403.73999,1432.119995,1403.73999,1432.119995,1432.119995,3952870000,52.849998,54.189999,52.849998,54.189999,49.580078,2961500
1216,2012-09-07,1432.119995,1437.920044,1431.449951,1437.920044,1437.920044,3717620000,54.369999,54.369999,53.709998999999996,54.150002,49.54346500000001,3201300
1217,2012-09-10,1437.920044,1438.73999,1428.97998,1429.079956,1429.079956,3223670000,54.18,54.18,53.459998999999996,53.549999,48.994518,1499300
1218,2012-09-11,1429.130005,1437.76001,1429.130005,1433.560059,1433.560059,3509630000,53.66,54.259997999999996,53.490002000000004,54.0,49.406239,2582400
1219,2012-09-12,1433.560059,1439.150024,1432.98999,1436.560059,1436.560059,3641200000,54.080002,54.689999,54.07,54.419998,49.790501,1487200
1220,2012-09-13,1436.560059,1463.76001,1435.339966,1459.98999,1459.98999,4606550000,54.619999,55.380001,54.049999,55.189999,50.494999,1980400
1221,2012-09-14,1460.069946,1474.51001,1460.069946,1465.77002,1465.77002,5041990000,55.189999,56.299999,55.099998,56.009997999999996,51.245251,2520300
1222,2012-09-17,1465.420044,1465.630005,1457.550049,1461.189941,1461.189941,3482430000,55.919998,56.240002000000004,55.880001,56.23,51.446533,1580700
1223,2012-09-18,1461.189941,1461.469971,1456.130005,1459.319946,1459.319946,3377390000,56.0,56.009997999999996,55.630001,55.93,51.172047,1879000
1224,2012-09-19,1459.5,1465.150024,1457.880005,1461.050049,1461.050049,3451360000,55.830002,56.150002,55.41,55.889998999999996,51.135448,1516700
1225,2012-09-20,1461.050049,1461.22998,1449.97998,1460.26001,1460.26001,3382520000,55.68,55.779999,55.290001000000004,55.77,51.025653999999996,1512500
1226,2012-09-21,1460.339966,1467.069946,1459.51001,1460.150024,1460.150024,4833870000,56.110001000000004,56.490002000000004,55.580002,56.290001000000004,51.501422999999996,5620700
1227,2012-09-24,1459.76001,1460.719971,1452.060059,1456.890015,1456.890015,3008920000,56.09,56.610001000000004,55.830002,56.490002000000004,51.684414000000004,1512500
1228,2012-09-25,1456.939941,1463.23999,1441.589966,1441.589966,1441.589966,3739900000,56.689999,56.799999,55.970001,55.98,51.217793,1844800
1229,2012-09-26,1441.599976,1441.599976,1430.530029,1433.319946,1433.319946,3565380000,55.900002,56.0,55.419998,55.59,51.054778999999996,1165200
1230,2012-09-27,1433.359985,1450.199951,1433.359985,1447.150024,1447.150024,3150330000,55.650002,55.849998,55.369999,55.810001,51.256821,1201100
1231,2012-09-28,1447.130005,1447.130005,1435.599976,1440.670044,1440.670044,3509230000,55.560001,55.91,55.349998,55.66,51.11908,1495000
1232,2012-10-01,1440.900024,1457.140015,1440.900024,1444.48999,1444.48999,3505080000,55.5,55.5,54.599998,54.900002,50.421074,3192100
1233,2012-10-02,1444.98999,1451.52002,1439.01001,1445.75,1445.75,3321790000,55.02,55.139998999999996,54.27,54.669998,50.209839,2856600
1234,2012-10-03,1446.050049,1454.300049,1441.98999,1450.98999,1450.98999,3531640000,54.91,54.959998999999996,54.18,54.419998,49.980228000000004,2561100
1235,2012-10-04,1451.079956,1463.140015,1451.079956,1461.400024,1461.400024,3615860000,54.439999,55.07,53.990002000000004,55.060001,50.568024,1624300
1236,2012-10-05,1461.400024,1470.959961,1456.890015,1460.930054,1460.930054,3172940000,55.220001,55.220001,54.509997999999996,54.810001,50.33840900000001,1484000
1237,2012-10-08,1460.930054,1460.930054,1453.099976,1455.880005,1455.880005,2328720000,54.73,54.810001,54.299999,54.349998,49.915932,1117300
1238,2012-10-09,1455.900024,1455.900024,1441.180054,1441.47998,1441.47998,3216320000,53.369999,53.959998999999996,52.5,52.73,48.428104,3664100
1239,2012-10-10,1441.47998,1442.52002,1430.640015,1432.560059,1432.560059,3225060000,52.439999,52.439999,51.669998,52.220001,47.959717,4463200
1240,2012-10-11,1432.819946,1443.900024,1432.819946,1432.839966,1432.839966,3672540000,52.5,53.139998999999996,52.43,52.459998999999996,48.18013,1516600
1241,2012-10-12,1432.839966,1438.430054,1425.530029,1428.589966,1428.589966,3134750000,52.599998,52.98,52.209998999999996,52.299999,48.033176,1535600
1242,2012-10-15,1428.75,1441.310059,1427.23999,1440.130005,1440.130005,3483810000,52.299999,52.32,51.919998,52.299999,48.033176,2842300
1243,2012-10-16,1440.310059,1455.51001,1440.310059,1454.920044,1454.920044,3568770000,52.639998999999996,53.48,52.540001000000004,53.459998999999996,49.098564,2041200
1244,2012-10-17,1454.219971,1462.199951,1453.349976,1460.910034,1460.910034,3655320000,53.200001,54.290001000000004,52.75,52.82,48.510773,4390700
1245,2012-10-18,1460.939941,1464.02002,1452.630005,1457.339966,1457.339966,3880030000,51.849998,53.740002000000004,51.599998,53.610001000000004,49.23630900000001,4556600
1246,2012-10-19,1457.339966,1457.339966,1429.849976,1433.189941,1433.189941,3875170000,53.419998,53.68,52.419998,52.639998999999996,48.345444,2960400
1247,2012-10-22,1433.209961,1435.459961,1422.060059,1433.819946,1433.819946,3216220000,52.689999,52.990002000000004,52.389998999999996,52.950001,48.630157000000004,1869100
1248,2012-10-23,1433.73999,1433.73999,1407.560059,1413.109985,1413.109985,3587670000,52.419998,52.529999,51.91,52.25,47.987266999999996,2088200
1249,2012-10-24,1413.199951,1420.040039,1407.099976,1408.75,1408.75,3385970000,52.450001,52.599998,51.970001,52.279999,48.014812,1543000
1250,2012-10-25,1409.73999,1421.119995,1405.140015,1412.969971,1412.969971,3512640000,52.630001,52.970001,51.990002000000004,52.400002,48.125031,1801400
1251,2012-10-26,1412.969971,1417.089966,1403.280029,1411.939941,1411.939941,3284910000,52.419998,52.57,51.970001,52.189999,47.932163,1766100
1252,2012-10-31,1410.98999,1418.76001,1405.949951,1412.160034,1412.160034,3577110000,52.599998,52.93,52.029999,52.599998,48.308704,1740000
1253,2012-11-01,1412.199951,1428.349976,1412.199951,1427.589966,1427.589966,3929890000,52.599998,53.259997999999996,52.470001,53.07,48.740359999999995,1574200
1254,2012-11-02,1427.589966,1434.27002,1412.910034,1414.199951,1414.199951,3732480000,53.439999,53.57,52.549999,52.639998999999996,48.345444,1300800
1255,2012-11-05,1414.02002,1419.900024,1408.130005,1417.26001,1417.26001,2921040000,52.57,52.810001,52.16,52.709998999999996,48.40974,1018900
1256,2012-11-06,1417.26001,1433.380005,1417.26001,1428.390015,1428.390015,3306970000,52.77,53.52,52.5,53.459998999999996,49.098564,1718000
1257,2012-11-07,1428.27002,1428.27002,1388.140015,1394.530029,1394.530029,4356490000,53.060001,53.110001000000004,52.060001,52.610001000000004,48.317894,2060500
1258,2012-11-08,1394.530029,1401.22998,1377.51001,1377.51001,1377.51001,3779520000,52.470001,52.82,52.220001,52.419998,48.143390999999994,2282200
1259,2012-11-09,1377.550049,1391.390015,1373.030029,1379.849976,1379.849976,3647350000,52.299999,52.98,52.23,52.529999,48.244419,1356800
1260,2012-11-12,1379.859985,1384.869995,1377.189941,1380.030029,1380.030029,2567540000,52.740002000000004,53.119999,52.299999,53.049999,48.721996000000004,1310400
1261,2012-11-13,1380.030029,1388.810059,1371.390015,1374.530029,1374.530029,3455550000,52.790001000000004,53.169998,52.599998,52.68,48.382172,1682000
1262,2012-11-14,1374.640015,1380.130005,1352.5,1355.48999,1355.48999,4109510000,52.779999,53.009997999999996,52.23,52.32,48.05155900000001,1804900
1263,2012-11-15,1355.410034,1360.619995,1348.050049,1353.329956,1353.329956,3928870000,52.330002,52.529999,51.869999,52.0,47.757664,1750300
1264,2012-11-16,1353.359985,1362.030029,1343.349976,1359.880005,1359.880005,4045910000,52.549999,52.560001,51.810001,52.099998,47.849506,3704900
1265,2012-11-19,1359.880005,1386.890015,1359.880005,1386.890015,1386.890015,3374800000,52.57,53.130001,52.490002000000004,53.0,48.676075,2340400
1266,2012-11-20,1386.819946,1389.77002,1377.040039,1387.810059,1387.810059,3207160000,53.049999,53.889998999999996,52.799999,53.599998,49.227127,2361400
1267,2012-11-21,1387.790039,1391.25,1386.390015,1391.030029,1391.030029,2667090000,53.619999,53.810001,53.419998,53.5,49.135292,2009800
1268,2012-11-23,1391.030029,1409.160034,1391.030029,1409.150024,1409.150024,1504960000,53.66,54.529999,53.610001000000004,54.52,50.07206,738100
1269,2012-11-26,1409.150024,1409.150024,1397.680054,1406.290039,1406.290039,2948960000,54.259997999999996,54.529999,53.860001000000004,54.529999,50.081249,1766700
1270,2012-11-27,1406.290039,1409.01001,1398.030029,1398.939941,1398.939941,3323120000,54.380001,54.669998,54.18,54.220001,49.796547,1362600
1271,2012-11-28,1398.77002,1410.310059,1385.430054,1409.930054,1409.930054,3359250000,54.080002,54.610001000000004,53.59,54.599998,50.145534999999995,1161400
1272,2012-11-29,1409.959961,1419.699951,1409.040039,1415.949951,1415.949951,3356850000,54.82,55.080002,53.860001000000004,54.049999,49.640411,2455200
1273,2012-11-30,1415.949951,1418.859985,1411.630005,1416.180054,1416.180054,3966000000,54.07,54.290001000000004,53.779999,54.16,49.741436,2311500
1274,2012-12-03,1416.339966,1423.72998,1408.459961,1409.459961,1409.459961,3074280000,54.48,55.080002,54.099998,54.439999,49.998591999999995,2977200
1275,2012-12-04,1409.459961,1413.140015,1403.650024,1407.050049,1407.050049,3247710000,54.5,54.709998999999996,54.040001000000004,54.349998,49.915932,2157700
1276,2012-12-05,1407.050049,1415.560059,1398.22998,1409.280029,1409.280029,4253920000,54.330002,54.529999,54.0,54.360001000000004,49.925121000000004,2153800
1277,2012-12-06,1409.430054,1413.949951,1405.930054,1413.939941,1413.939941,3229700000,54.220001,54.450001,53.93,54.349998,49.915932,1986000
1278,2012-12-07,1413.949951,1420.339966,1410.900024,1418.069946,1418.069946,3125160000,54.470001,54.630001,54.09,54.57,50.117985,1437000
1279,2012-12-10,1418.069946,1421.640015,1415.640015,1418.550049,1418.550049,2999430000,54.380001,54.82,54.369999,54.790001000000004,50.320034,1567200
1280,2012-12-11,1418.550049,1434.27002,1418.550049,1427.839966,1427.839966,3650230000,55.23,56.0,55.099998,55.810001,51.256821,2254300
1281,2012-12-12,1427.839966,1438.589966,1426.76001,1428.47998,1428.47998,3709050000,55.779999,56.619999,55.740002000000004,56.130001,51.55072,1843300
1282,2012-12-13,1428.47998,1431.359985,1416.0,1419.449951,1419.449951,3349960000,56.080002,56.299999,55.869999,56.189999,51.60582700000001,2265200
1283,2012-12-14,1419.449951,1419.449951,1411.880005,1413.579956,1413.579956,3210170000,56.0,56.290001000000004,55.740002000000004,55.779999,51.229282,2587400
1284,2012-12-17,1413.540039,1430.670044,1413.540039,1430.359985,1430.359985,3455610000,55.830002,56.209998999999996,55.790001000000004,56.16,51.57827,1456000
1285,2012-12-18,1430.469971,1448.0,1430.469971,1446.790039,1446.790039,4302240000,56.18,56.75,55.970001,56.349998,51.752769,2553600
1286,2012-12-19,1446.790039,1447.75,1435.800049,1435.810059,1435.810059,3869800000,56.419998,56.490002000000004,55.900002,55.959998999999996,51.394596,1677400
1287,2012-12-20,1435.810059,1443.699951,1432.819946,1443.689941,1443.689941,3686580000,56.029999,56.580002,55.779999,56.57,51.954819,1273700
1288,2012-12-21,1443.670044,1443.670044,1422.579956,1430.150024,1430.150024,5229160000,56.459998999999996,56.740002000000004,55.619999,55.869999,51.311932,3226700
1289,2012-12-24,1430.150024,1430.150024,1424.660034,1426.660034,1426.660034,1248960000,55.799999,55.990002000000004,55.73,55.869999,51.311932,703800
1290,2012-12-26,1426.660034,1429.420044,1416.430054,1419.829956,1419.829956,2285030000,55.880001,55.990002000000004,55.27,55.43,50.907833000000004,932300
1291,2012-12-27,1419.829956,1422.800049,1401.800049,1418.099976,1418.099976,2830180000,55.25,55.400002,54.549999,55.16,50.903217,1132600
1292,2012-12-28,1418.099976,1418.099976,1401.579956,1402.430054,1402.430054,2426680000,54.799999,55.049999,54.41,54.450001,50.248005,1094000
1293,2012-12-31,1402.430054,1426.73999,1398.109985,1426.189941,1426.189941,3204330000,54.34,54.82,54.07,54.82,50.589451000000004,1780100
1294,2013-01-02,1426.189941,1462.430054,1426.189941,1462.420044,1462.420044,4202600000,55.540001000000004,55.889998999999996,55.240002000000004,55.880001,51.567661,2118400
1295,2013-01-03,1462.420044,1465.469971,1455.530029,1459.369995,1459.369995,3829730000,55.900002,56.25,55.82,56.139998999999996,51.80759000000001,1384600
1296,2013-01-04,1459.369995,1467.939941,1458.98999,1466.469971,1466.469971,3424290000,56.32,57.0,56.110001000000004,56.73,52.352051,2471000
1297,2013-01-07,1466.469971,1466.469971,1456.619995,1461.890015,1461.890015,3304970000,56.650002,57.220001,56.599998,57.07,52.665829,1762600
1298,2013-01-08,1461.890015,1461.890015,1451.640015,1457.150024,1457.150024,3601600000,56.93,57.07,56.52,56.970001,52.573536,1854100
1299,2013-01-09,1457.150024,1464.72998,1457.150024,1461.02002,1461.02002,3674390000,57.209998999999996,58.740002000000004,57.139998999999996,58.380001,53.874729,2828300
1300,2013-01-10,1461.02002,1472.300049,1461.02002,1472.119995,1472.119995,4081840000,58.709998999999996,58.84,58.299999,58.84,54.299225,1815200
1301,2013-01-11,1472.119995,1472.75,1467.579956,1472.050049,1472.050049,3340650000,58.82,58.900002,58.48,58.84,54.299225,1477800
1302,2013-01-14,1472.050049,1472.050049,1465.689941,1470.680054,1470.680054,3003010000,58.549999,58.880001,58.259997999999996,58.869999,54.3269,1375700
1303,2013-01-15,1470.670044,1473.310059,1463.76001,1472.339966,1472.339966,3135350000,58.759997999999996,59.73,58.57,59.560001,54.963661,2212100
1304,2013-01-16,1472.329956,1473.959961,1467.599976,1472.630005,1472.630005,3384080000,59.450001,59.720001,59.299999,59.43,54.8437,1170200
1305,2013-01-17,1472.630005,1485.160034,1472.630005,1480.939941,1480.939941,3706710000,59.720001,61.169998,59.709998999999996,60.619999,55.941853,2379400
1306,2013-01-18,1480.949951,1485.97998,1475.810059,1485.97998,1485.97998,3795740000,60.73,61.59,60.48,61.549999,56.800087,3599100
1307,2013-01-22,1485.97998,1492.560059,1481.160034,1492.560059,1492.560059,3570950000,61.5,61.720001,61.189999,61.709998999999996,56.947739,1725400
1308,2013-01-23,1492.560059,1496.130005,1489.900024,1494.810059,1494.810059,3552010000,61.630001,61.919998,61.25,61.869999,57.09539,2350900
1309,2013-01-24,1494.810059,1502.27002,1489.459961,1494.819946,1494.819946,3699430000,62.009997999999996,63.650002,61.599998,63.450001,58.55346700000001,2491300
1310,2013-01-25,1494.819946,1503.26001,1494.819946,1502.959961,1502.959961,3476290000,63.75,63.919998,63.330002,63.549999,58.64574399999999,2077100
1311,2013-01-28,1502.959961,1503.22998,1496.329956,1500.180054,1500.180054,3388540000,63.68,63.849998,63.23,63.779999,58.85799,1624700
1312,2013-01-29,1500.180054,1509.349976,1498.089966,1507.839966,1507.839966,3949640000,63.669998,63.990002000000004,63.459998999999996,63.799999,58.87645300000001,1189800
1313,2013-01-30,1507.839966,1509.939941,1500.109985,1501.959961,1501.959961,3726810000,63.689999,63.810001,63.330002,63.380001,58.48885300000001,2071800
1314,2013-01-31,1501.959961,1504.189941,1496.76001,1498.109985,1498.109985,3999880000,63.299999,63.380001,62.549999,62.650002,57.81520500000001,2714500
1315,2013-02-01,1498.109985,1514.410034,1498.109985,1513.170044,1513.170044,3836320000,62.349998,63.169998,61.529999,63.040001000000004,58.175114,2558200
1316,2013-02-04,1513.170044,1513.170044,1495.02002,1495.709961,1495.709961,3390000000,62.66,62.66,62.009997999999996,62.299999,57.49221,1855100
1317,2013-02-05,1495.709961,1514.959961,1495.709961,1511.290039,1511.290039,3618360000,62.299999,62.860001000000004,62.27,62.799999,57.953621,1893100
1318,2013-02-06,1511.290039,1512.530029,1504.709961,1512.119995,1512.119995,3611570000,62.57,63.119999,62.459998999999996,63.060001,58.193565,1404800
1319,2013-02-07,1512.119995,1512.900024,1498.48999,1509.390015,1509.390015,3614580000,62.720001,63.080002,62.290001000000004,63.049999,58.184334,1808500
1320,2013-02-08,1509.390015,1518.310059,1509.390015,1517.930054,1517.930054,2986150000,63.189999,63.93,63.0,63.779999,58.85799,1083500
1321,2013-02-11,1517.930054,1518.310059,1513.609985,1517.01001,1517.01001,2684100000,63.669998,63.900002,63.349998,63.900002,58.96875,1173200
1322,2013-02-12,1517.01001,1522.290039,1515.609985,1519.430054,1519.430054,3414370000,63.860001000000004,64.099998,63.540001000000004,64.010002,59.070251,1098300
1323,2013-02-13,1519.430054,1524.689941,1515.930054,1520.329956,1520.329956,3385880000,64.139999,64.459999,63.619999,63.880001,58.950279,847100
1324,2013-02-14,1520.329956,1523.140015,1514.02002,1521.380005,1521.380005,3759740000,63.759997999999996,64.139999,63.59,64.019997,59.079475,1215900
1325,2013-02-15,1521.380005,1524.23999,1514.140015,1519.790039,1519.790039,3838510000,63.98,63.98,63.259997999999996,63.849998,58.922596,2206600
1326,2013-02-19,1519.790039,1530.939941,1519.790039,1530.939941,1530.939941,3748910000,63.75,63.849998,63.189999,63.689999,58.774937,2019100
1327,2013-02-20,1530.939941,1530.939941,1511.410034,1511.949951,1511.949951,4240570000,63.740002000000004,63.790001000000004,63.040001000000004,63.080002,58.212025,1561600
1328,2013-02-21,1511.949951,1511.949951,1497.290039,1502.420044,1502.420044,4274600000,62.75,62.77,61.59,62.169998,57.372231000000006,2143000
1329,2013-02-22,1502.420044,1515.640015,1502.420044,1515.599976,1515.599976,3419320000,62.5,62.700001,62.119999,62.700001,57.86134000000001,1233000
1330,2013-02-25,1515.599976,1525.839966,1487.849976,1487.849976,1487.849976,4011050000,62.82,63.169998,62.09,62.09,57.298412,1614900
1331,2013-02-26,1487.849976,1498.98999,1485.01001,1496.939941,1496.939941,3975280000,62.470001,63.169998,62.400002,62.77,57.925938,1975500
1332,2013-02-27,1496.939941,1520.079956,1494.880005,1515.98999,1515.98999,3551850000,62.799999,63.84,62.700001,63.66,58.747261,1332100
1333,2013-02-28,1515.98999,1525.339966,1514.459961,1514.680054,1514.680054,3912320000,63.560001,64.279999,63.5,63.880001,58.950279,1633300
1334,2013-03-01,1514.680054,1519.98999,1501.47998,1518.199951,1518.199951,3695610000,63.73,65.0,63.18,64.900002,59.891567,2487100
1335,2013-03-04,1518.199951,1525.27002,1512.290039,1525.199951,1525.199951,3414430000,64.660004,65.08000200000001,64.540001,65.07,60.048443000000006,1414300
1336,2013-03-05,1525.199951,1543.469971,1525.199951,1539.790039,1539.790039,3610690000,65.059998,66.370003,65.059998,66.0,60.90667,1748400
1337,2013-03-06,1539.790039,1545.25,1538.109985,1541.459961,1541.459961,3676890000,66.050003,66.57,65.800003,65.959999,60.869769999999995,1748900
1338,2013-03-07,1541.459961,1545.780029,1541.459961,1544.26001,1544.26001,3634710000,66.0,66.160004,65.25,65.400002,60.352982,1444500
1339,2013-03-08,1544.26001,1552.47998,1542.939941,1551.180054,1551.180054,3652260000,65.769997,66.0,65.519997,65.720001,60.648284999999994,1499900
1340,2013-03-11,1551.150024,1556.27002,1547.359985,1556.219971,1556.219971,3091080000,65.83000200000001,66.269997,65.68,66.220001,61.109694999999995,1103900
1341,2013-03-12,1556.219971,1556.77002,1548.23999,1552.47998,1552.47998,3274910000,65.980003,66.790001,65.849998,66.790001,61.6357,1302500
1342,2013-03-13,1552.47998,1556.390015,1548.25,1554.52002,1554.52002,3073830000,66.709999,66.730003,66.16999799999999,66.68,61.534187,1182500
1343,2013-03-14,1554.52002,1563.319946,1554.52002,1563.22998,1563.22998,3459260000,66.910004,66.91999799999999,66.290001,66.809998,61.654175,1158900
1344,2013-03-15,1563.209961,1563.619995,1555.73999,1560.699951,1560.699951,5175850000,66.58000200000001,66.720001,65.720001,65.93,60.842082999999995,2464200
1345,2013-03-18,1560.699951,1560.699951,1545.130005,1552.099976,1552.099976,3164560000,65.43,65.43,64.43,64.779999,59.780823,2328900
1346,2013-03-19,1552.099976,1557.25,1538.569946,1548.339966,1548.339966,3796210000,65.040001,65.199997,64.290001,64.769997,59.771595,1979100
1347,2013-03-20,1548.339966,1561.560059,1548.339966,1558.709961,1558.709961,3349090000,65.150002,65.559998,65.08000200000001,65.370003,60.325309999999995,1277100
1348,2013-03-21,1558.709961,1558.709961,1543.550049,1545.800049,1545.800049,3243270000,65.150002,65.360001,64.150002,64.540001,59.55935699999999,2089000
1349,2013-03-22,1545.900024,1557.73999,1545.900024,1556.890015,1556.890015,2948380000,64.559998,64.629997,64.230003,64.57,59.587036,1636900
1350,2013-03-25,1556.890015,1564.910034,1546.219971,1551.689941,1551.689941,3178170000,64.839996,64.849998,64.16999799999999,64.540001,59.55935699999999,1175900
1351,2013-03-26,1551.689941,1563.949951,1551.689941,1563.77002,1563.77002,2869260000,64.550003,64.879997,64.360001,64.860001,60.101437,869700
1352,2013-03-27,1563.75,1564.069946,1551.900024,1562.849976,1562.849976,2914210000,64.589996,64.91999799999999,64.190002,64.870003,60.110699,1016400
1353,2013-03-28,1562.859985,1570.280029,1561.079956,1569.189941,1569.189941,3304440000,64.66999799999999,65.33000200000001,64.400002,65.239998,60.453552,1216900
1354,2013-04-01,1569.180054,1570.569946,1558.469971,1562.170044,1562.170044,2753110000,65.099998,65.599998,64.989998,65.33000200000001,60.536942,1233100
1355,2013-04-02,1562.170044,1573.660034,1562.170044,1570.25,1570.25,3312160000,65.57,65.739998,65.269997,65.559998,60.750065,1185100
1356,2013-04-03,1570.25,1571.469971,1549.800049,1553.689941,1553.689941,4060610000,65.620003,65.639999,64.800003,65.25,60.462807,2014600
1357,2013-04-04,1553.689941,1562.599976,1552.52002,1559.97998,1559.97998,3350670000,65.730003,66.059998,65.349998,65.589996,60.777866,2513200
1358,2013-04-05,1559.97998,1559.97998,1539.5,1553.280029,1553.280029,3515410000,64.83000200000001,65.199997,64.66999799999999,65.0,60.231159,2543600
1359,2013-04-08,1553.26001,1563.069946,1548.630005,1563.069946,1563.069946,2887120000,65.040001,65.5,64.910004,65.379997,60.58327900000001,1646600
1360,2013-04-09,1563.109985,1573.890015,1560.920044,1568.609985,1568.609985,3252780000,66.019997,66.480003,65.75,66.339996,61.472851,2468000
1361,2013-04-10,1568.609985,1589.069946,1568.609985,1587.72998,1587.72998,3453350000,66.349998,67.0,65.940002,66.739998,61.843479,1945800
1362,2013-04-11,1587.72998,1597.349976,1586.170044,1593.369995,1593.369995,3393950000,66.809998,67.150002,66.66999799999999,66.849998,61.945423,1280800
1363,2013-04-12,1593.300049,1593.300049,1579.969971,1588.849976,1588.849976,3206290000,66.519997,66.68,65.980003,66.5,61.621101,1121000
1364,2013-04-15,1588.839966,1588.839966,1552.280029,1552.359985,1552.359985,4660130000,65.980003,66.400002,65.290001,65.290001,60.49988199999999,1546100
1365,2013-04-16,1552.359985,1575.349976,1552.359985,1574.569946,1574.569946,3654700000,65.269997,65.269997,64.160004,65.08000200000001,60.30527900000001,2258500
1366,2013-04-17,1574.569946,1574.569946,1543.689941,1552.01001,1552.01001,4250310000,64.769997,65.059998,64.190002,64.400002,59.675186,1748600
1367,2013-04-18,1552.030029,1554.380005,1536.030029,1541.609985,1541.609985,3890800000,64.559998,64.589996,63.349998,63.700001,59.026534999999996,1841500
1368,2013-04-19,1541.609985,1555.890015,1539.400024,1555.25,1555.25,3569870000,63.959998999999996,64.68,63.5,64.68,59.934635,2109300
1369,2013-04-22,1555.25,1565.550049,1548.189941,1562.5,1562.5,2979880000,64.709999,64.800003,63.810001,64.150002,59.443523,1403900
1370,2013-04-23,1562.5,1579.579956,1562.5,1578.780029,1578.780029,3565150000,64.470001,65.110001,64.099998,64.940002,60.175575,1329700
1371,2013-04-24,1578.780029,1583.0,1575.800049,1578.790039,1578.790039,3598240000,64.790001,65.220001,64.589996,64.730003,59.98096500000001,1685100
1372,2013-04-25,1578.930054,1592.640015,1578.930054,1585.160034,1585.160034,3908580000,64.5,66.279999,64.459999,65.639999,60.824211,2300000
1373,2013-04-26,1585.160034,1585.780029,1577.560059,1582.23999,1582.23999,3198620000,65.5,65.5,64.75,65.059998,60.286762,1123900
1374,2013-04-29,1582.339966,1596.650024,1582.339966,1593.609985,1593.609985,2891200000,65.199997,65.800003,65.110001,65.660004,60.842735,1247000
1375,2013-04-30,1593.579956,1597.569946,1586.5,1597.569946,1597.569946,3745070000,65.57,65.610001,64.699997,65.58000200000001,60.768612,1284700
1376,2013-05-01,1597.550049,1597.550049,1581.280029,1582.699951,1582.699951,3530320000,65.489998,65.910004,65.120003,65.300003,60.509136,1171700
1377,2013-05-02,1582.77002,1598.599976,1582.77002,1597.589966,1597.589966,3366950000,65.529999,66.5,65.33000200000001,65.779999,60.953926,1407300
1378,2013-05-03,1597.599976,1618.459961,1597.599976,1614.420044,1614.420044,3603910000,66.099998,66.699997,66.089996,66.33000200000001,61.463584999999995,945100
1379,2013-05-06,1614.400024,1619.77002,1614.209961,1617.5,1617.5,3062240000,66.239998,66.58000200000001,66.040001,66.279999,61.417248,1044400
1380,2013-05-07,1617.550049,1626.030029,1616.640015,1625.959961,1625.959961,3309580000,66.269997,66.440002,65.949997,66.389999,61.519161,788600
1381,2013-05-08,1625.949951,1632.780029,1622.699951,1632.689941,1632.689941,3554700000,66.300003,66.610001,66.07,66.449997,61.574776,1293100
1382,2013-05-09,1632.689941,1635.01001,1623.089966,1626.670044,1626.670044,3457400000,66.449997,67.480003,66.32,67.010002,62.09368900000001,1190900
1383,2013-05-10,1626.689941,1633.699951,1623.709961,1633.699951,1633.699951,3086470000,67.0,68.230003,66.83000200000001,68.209999,63.20565,1776700
1384,2013-05-13,1632.099976,1636.0,1626.73999,1633.77002,1633.77002,2910600000,67.989998,68.860001,67.849998,68.599998,63.567036,1168800
1385,2013-05-14,1633.75,1651.099976,1633.75,1650.339966,1650.339966,3457790000,68.519997,69.300003,68.379997,69.209999,64.132263,1076400
1386,2013-05-15,1649.130005,1661.48999,1646.680054,1658.780029,1658.780029,3657440000,69.120003,69.809998,69.110001,69.43,64.336136,1538400
1387,2013-05-16,1658.069946,1660.51001,1648.599976,1650.469971,1650.469971,3513130000,69.120003,69.269997,68.660004,69.059998,63.993275,1920500
1388,2013-05-17,1652.449951,1667.469971,1652.449951,1667.469971,1667.469971,3440710000,68.610001,68.970001,68.279999,68.900002,63.845031999999996,3311400
1389,2013-05-20,1665.709961,1672.839966,1663.52002,1666.290039,1666.290039,3275080000,68.639999,69.139999,68.519997,68.730003,63.687527,1211100
1390,2013-05-21,1666.199951,1674.930054,1662.670044,1669.160034,1669.160034,3513560000,69.010002,69.33000200000001,68.83000200000001,69.239998,64.16008000000001,1321400
1391,2013-05-22,1669.390015,1687.180054,1648.859985,1655.349976,1655.349976,4361020000,69.309998,70.0,67.360001,67.699997,62.733074,1948800
1392,2013-05-23,1651.619995,1655.5,1635.530029,1650.51001,1650.51001,3945510000,67.16999799999999,67.739998,66.949997,67.239998,62.306828,1631500
1393,2013-05-24,1646.670044,1649.780029,1636.880005,1649.599976,1649.599976,2758080000,67.0,67.43,66.58000200000001,66.989998,62.075157,1085500
1394,2013-05-28,1652.630005,1674.209961,1652.630005,1660.060059,1660.060059,3457400000,67.410004,68.370003,67.379997,67.910004,62.927677,977300
1395,2013-05-29,1656.569946,1656.569946,1640.050049,1648.359985,1648.359985,3587140000,67.5,67.639999,66.83000200000001,67.230003,62.297534999999996,1350100
1396,2013-05-30,1649.140015,1661.910034,1648.609985,1654.410034,1654.410034,3498620000,67.239998,67.889999,67.16999799999999,67.349998,62.408749,1018400
1397,2013-05-31,1652.130005,1658.98999,1630.73999,1630.73999,1630.73999,4099600000,67.209999,67.779999,66.389999,66.389999,61.519161,1267300
1398,2013-06-03,1631.709961,1640.420044,1622.719971,1640.420044,1640.420044,3952070000,66.400002,67.33000200000001,66.099998,67.309998,62.37167700000001,1481700
1399,2013-06-04,1640.72998,1646.530029,1623.619995,1631.380005,1631.380005,3653840000,67.309998,67.349998,66.239998,66.699997,61.806431,828500
1400,2013-06-05,1629.050049,1629.310059,1607.089966,1608.900024,1608.900024,3632350000,66.519997,66.709999,65.5,65.730003,60.907623,1327900
1401,2013-06-06,1609.290039,1622.560059,1598.22998,1622.560059,1622.560059,3547380000,65.790001,66.379997,65.589996,66.360001,61.491386,1323200
1402,2013-06-07,1625.27002,1644.400024,1625.27002,1643.380005,1643.380005,3371990000,66.68,67.199997,66.559998,67.150002,62.223408,774000
1403,2013-06-10,1644.670044,1648.689941,1639.26001,1642.810059,1642.810059,2978730000,67.199997,67.459999,66.82,67.25,62.316093,766400
1404,2013-06-11,1638.640015,1640.130005,1622.920044,1626.130005,1626.130005,3435710000,66.760002,67.25,66.260002,66.83000200000001,61.926888,841200
1405,2013-06-12,1629.939941,1637.709961,1610.920044,1612.52002,1612.52002,3202550000,67.220001,67.25,66.360001,66.370003,61.500645,1043200
1406,2013-06-13,1612.150024,1639.25,1608.069946,1636.359985,1636.359985,3378620000,66.32,67.790001,65.809998,67.720001,62.75159100000001,783100
1407,2013-06-14,1635.52002,1640.800049,1623.959961,1626.72998,1626.72998,2939400000,67.650002,68.0,67.129997,67.209999,62.279011,813200
1408,2013-06-17,1630.640015,1646.5,1630.339966,1639.040039,1639.040039,3137080000,67.639999,68.220001,67.440002,67.809998,62.834991,1005800
1409,2013-06-18,1639.77002,1654.189941,1639.77002,1651.810059,1651.810059,3120980000,67.800003,68.110001,67.58000200000001,67.66999799999999,62.705265000000004,1479200
1410,2013-06-19,1651.829956,1652.449951,1628.910034,1628.930054,1628.930054,3545060000,67.760002,67.900002,66.370003,66.449997,61.574776,1262700
1411,2013-06-20,1624.619995,1624.619995,1584.319946,1588.189941,1588.189941,4858850000,65.720001,65.860001,64.599998,64.75,59.9995,1733500
1412,2013-06-21,1588.619995,1599.189941,1577.699951,1592.430054,1592.430054,5797280000,65.33000200000001,65.980003,65.0,65.599998,60.787147999999995,1668500
1413,2013-06-24,1588.77002,1588.77002,1560.329956,1573.089966,1573.089966,4733660000,65.089996,65.349998,63.830002,64.760002,60.008766,1581200
1414,2013-06-25,1577.52002,1593.790039,1577.089966,1588.030029,1588.030029,3761170000,65.260002,65.489998,64.449997,64.889999,60.12923000000001,937100
1415,2013-06-26,1592.27002,1606.829956,1592.27002,1603.26001,1603.26001,3558340000,65.309998,65.68,64.66999799999999,64.690002,60.18970899999999,1248300
1416,2013-06-27,1606.439941,1620.069946,1606.439941,1613.199951,1613.199951,3364540000,64.93,65.059998,64.550003,64.720001,60.217617000000004,1302700
1417,2013-06-28,1611.119995,1615.939941,1601.060059,1606.280029,1606.280029,4977190000,64.660004,65.459999,64.349998,64.68,60.180401,2393600
1418,2013-07-01,1609.780029,1626.609985,1609.780029,1614.959961,1614.959961,3104690000,64.849998,65.16999799999999,64.339996,64.43,59.94779200000001,1453900
1419,2013-07-02,1614.290039,1624.26001,1606.77002,1614.079956,1614.079956,3317130000,64.400002,65.050003,64.190002,64.32,59.845451000000004,1573500
1420,2013-07-03,1611.47998,1618.969971,1604.569946,1615.410034,1615.410034,1966050000,64.16999799999999,64.470001,63.709998999999996,64.199997,59.73378,491500
1421,2013-07-05,1618.650024,1632.069946,1614.709961,1631.890015,1631.890015,2634140000,64.589996,65.239998,64.41999799999999,65.230003,60.69215,966000
1422,2013-07-08,1634.199951,1644.680054,1634.199951,1640.459961,1640.459961,3514590000,65.5,66.410004,65.379997,66.16999799999999,61.566734,1073700
1423,2013-07-09,1642.890015,1654.180054,1642.890015,1652.319946,1652.319946,3155360000,66.139999,66.269997,65.480003,66.07,61.473698,1532000
1424,2013-07-10,1651.560059,1657.920044,1647.660034,1652.619995,1652.619995,3011010000,66.120003,66.559998,65.809998,66.349998,61.734221999999995,938600
1425,2013-07-11,1657.410034,1676.630005,1657.410034,1675.02002,1675.02002,3446340000,66.980003,67.480003,66.660004,67.379997,62.692554,1058700
1426,2013-07-12,1675.26001,1680.189941,1672.329956,1680.189941,1680.189941,3039070000,67.260002,67.720001,66.970001,67.43,62.739075,916700
1427,2013-07-15,1679.589966,1684.5100100000002,1677.890015,1682.5,1682.5,2623200000,67.410004,68.279999,67.339996,68.220001,63.474125,767000
1428,2013-07-16,1682.699951,1683.72998,1671.839966,1676.26001,1676.26001,3081710000,68.43,69.300003,68.349998,68.66999799999999,63.892826,1378700
1429,2013-07-17,1677.910034,1684.75,1677.910034,1680.910034,1680.910034,3153440000,68.940002,69.639999,68.690002,69.370003,64.54412099999999,1896800
1430,2013-07-18,1681.050049,1693.119995,1681.050049,1689.369995,1689.369995,3452370000,69.370003,70.239998,69.08000200000001,70.0,65.130318,1802900
1431,2013-07-19,1686.1500239999998,1692.089966,1684.0799559999996,1692.089966,1692.089966,3302580000,69.57,70.879997,69.050003,70.879997,65.949112,3241200
1432,2013-07-22,1694.410034,1697.609985,1690.6700440000004,1695.530029,1695.530029,2779130000,70.83000200000002,71.040001,70.489998,70.959999,66.02350600000001,1532900
1433,2013-07-23,1696.630005,1698.780029,1691.130005,1692.390015,1692.390015,3096180000,71.08000200000002,71.08000200000002,70.389999,71.050003,66.107254,1283800
1434,2013-07-24,1696.060059,1698.380005,1682.569946,1685.939941,1685.939941,3336120000,71.209999,71.32,70.629997,70.83000200000002,65.902565,961800
1435,2013-07-25,1685.209961,1690.939941,1680.069946,1690.25,1690.25,3322500000,70.720001,70.949997,70.360001,70.870003,65.939766,852300
1436,2013-07-26,1687.310059,1691.8499760000002,1676.030029,1691.6500239999998,1691.6500239999998,2762770000,70.870003,71.089996,70.33000200000001,70.940002,66.004921,819500
1437,2013-07-29,1690.319946,1690.9200440000004,1681.859985,1685.3299559999996,1685.3299559999996,2840520000,70.650002,70.650002,69.949997,70.349998,65.45594799999999,1077300
1438,2013-07-30,1687.9200440000004,1693.189941,1682.4200440000004,1685.959961,1685.959961,3320530000,70.629997,70.949997,70.260002,70.41999799999998,65.521088,751600
1439,2013-07-31,1687.7600100000002,1698.430054,1684.939941,1685.72998,1685.72998,3847390000,70.629997,71.25,70.230003,70.459999,65.558304,1389600
1440,2013-08-01,1689.4200440000004,1707.8499760000002,1689.4200440000004,1706.869995,1706.869995,3775170000,70.889999,71.440002,69.83000200000001,71.220001,66.265427,1032100
1441,2013-08-02,1706.0999760000002,1709.6700440000004,1700.680054,1709.6700440000004,1709.6700440000004,3136630000,71.230003,71.400002,71.050003,71.269997,66.31195100000001,861300
1442,2013-08-05,1708.0100100000002,1709.2399899999998,1703.550049,1707.140015,1707.140015,2529300000,71.07,71.550003,70.690002,71.199997,66.24681899999999,805400
1443,2013-08-06,1705.790039,1705.790039,1693.290039,1697.369995,1697.369995,3141210000,71.139999,71.370003,70.790001,70.970001,66.032837,1894900
1444,2013-08-07,1695.300049,1695.300049,1684.910034,1690.910034,1690.910034,3010230000,70.760002,71.07,70.589996,70.790001,65.865341,1285200
1445,2013-08-08,1693.3499760000002,1700.180054,1688.380005,1697.47998,1697.47998,3271660000,70.980003,71.32,70.639999,70.900002,65.96769,928200
1446,2013-08-09,1696.0999760000002,1699.4200440000004,1686.02002,1691.4200440000004,1691.4200440000004,2957670000,70.800003,71.160004,70.699997,71.010002,66.070038,891900
1447,2013-08-12,1688.369995,1691.4899899999998,1683.3499760000002,1689.469971,1689.469971,2789160000,70.370003,70.860001,70.139999,70.760002,65.837418,962800
1448,2013-08-13,1690.6500239999998,1696.810059,1682.619995,1694.160034,1694.160034,3035560000,70.949997,71.08000200000002,70.300003,70.879997,65.949112,759700
1449,2013-08-14,1693.880005,1695.52002,1684.8299559999996,1685.390015,1685.390015,2871430000,70.959999,71.089996,70.300003,70.43,65.530388,1179400
1450,2013-08-15,1679.609985,1679.609985,1658.589966,1661.319946,1661.319946,3426690000,69.970001,70.150002,68.760002,68.910004,64.11614200000001,969800
1451,2013-08-16,1661.219971,1663.599976,1652.609985,1655.829956,1655.829956,3211450000,68.730003,68.82,67.970001,67.970001,63.241512,1622700
1452,2013-08-19,1655.25,1659.180054,1645.839966,1646.060059,1646.060059,2904530000,67.93,68.540001,67.82,68.059998,63.325256,826800
1453,2013-08-20,1646.810059,1658.920044,1646.079956,1652.349976,1652.349976,2994090000,68.0,68.529999,67.559998,68.25,63.502044999999995,1233600
1454,2013-08-21,1650.660034,1656.98999,1639.430054,1642.800049,1642.800049,2932180000,68.209999,68.449997,67.66999799999999,67.93,63.204304,912300
1455,2013-08-22,1645.030029,1659.550049,1645.030029,1656.959961,1656.959961,2537460000,68.029999,69.08000200000001,68.029999,68.779999,63.995148,613900
1456,2013-08-23,1659.920044,1664.849976,1654.810059,1663.5,1663.5,2582670000,68.739998,68.910004,68.08000200000001,68.290001,63.539265,624600
1457,2013-08-26,1664.290039,1669.51001,1656.02002,1656.780029,1656.780029,2430670000,68.400002,69.0,68.33000200000001,68.379997,63.622997,879800
1458,2013-08-27,1652.540039,1652.540039,1629.050049,1630.47998,1630.47998,3219190000,67.82,67.839996,67.040001,67.08000200000001,62.413433,927400
1459,2013-08-28,1630.25,1641.180054,1627.469971,1634.959961,1634.959961,2784010000,67.129997,67.309998,66.589996,66.639999,62.004047,926900
1460,2013-08-29,1633.5,1646.410034,1630.880005,1638.170044,1638.170044,2527550000,66.5,67.300003,66.440002,66.910004,62.25525699999999,955800
1461,2013-08-30,1638.890015,1640.079956,1628.050049,1632.969971,1632.969971,2734300000,66.959999,67.07,66.629997,66.889999,62.23666,910000
1462,2013-09-03,1635.949951,1651.349976,1633.410034,1639.77002,1639.77002,3731610000,67.629997,67.989998,66.690002,67.220001,62.54371999999999,1000700
1463,2013-09-04,1640.719971,1655.719971,1637.410034,1653.079956,1653.079956,3312150000,67.129997,67.379997,66.519997,67.269997,62.590214,1465900
1464,2013-09-05,1653.280029,1659.170044,1653.069946,1655.079956,1655.079956,2957110000,67.339996,68.0,67.099998,67.790001,63.074043,1036800
1465,2013-09-06,1657.439941,1664.829956,1640.619995,1655.170044,1655.170044,3123880000,69.629997,70.379997,68.059998,68.93,64.134743,1713200
1466,2013-09-09,1656.849976,1672.400024,1656.849976,1671.709961,1671.709961,3102780000,68.980003,69.199997,68.620003,69.160004,64.348732,732800
1467,2013-09-10,1675.109985,1684.089966,1675.109985,1683.9899899999998,1683.9899899999998,3691800000,69.690002,70.0,69.33000200000001,69.540001,64.702309,1303400
1468,2013-09-11,1681.040039,1689.130005,1678.699951,1689.130005,1689.130005,3135460000,69.599998,70.07,69.370003,69.58000200000001,64.739517,1176500
1469,2013-09-12,1689.209961,1689.969971,1681.959961,1683.4200440000004,1683.4200440000004,3106290000,69.459999,69.730003,69.120003,69.5,64.665092,1421500
1470,2013-09-13,1685.040039,1688.72998,1682.219971,1687.9899899999998,1687.9899899999998,2736500000,69.5,70.160004,69.309998,70.120003,65.241959,1013200
1471,2013-09-16,1691.699951,1704.949951,1691.699951,1697.5999760000002,1697.5999760000002,3079800000,70.75,71.010002,70.43,70.83000200000002,65.902565,1035000
1472,2013-09-17,1697.72998,1705.52002,1697.72998,1704.7600100000002,1704.7600100000002,2774240000,70.800003,71.540001,70.66999799999998,71.349998,66.386383,1238200
1473,2013-09-18,1705.7399899999998,1729.439941,1700.3499760000002,1725.52002,1725.52002,3989760000,71.190002,71.860001,70.389999,71.779999,66.78649899999999,1081700
1474,2013-09-19,1727.339966,1729.859985,1720.199951,1722.339966,1722.339966,3740130000,71.739998,71.940002,71.559998,71.629997,66.646912,826700
1475,2013-09-20,1722.439941,1725.22998,1708.890015,1709.910034,1709.910034,5074030000,71.730003,71.860001,71.16999799999998,71.279999,66.32124300000001,2599300
1476,2013-09-23,1711.439941,1711.439941,1697.0999760000002,1701.839966,1701.839966,3126950000,71.110001,71.440002,70.860001,71.199997,66.24681899999999,940800
1477,2013-09-24,1702.5999760000002,1707.630005,1694.9000239999998,1697.4200440000004,1697.4200440000004,3268930000,71.110001,71.449997,70.769997,70.83000200000002,65.902565,1073900
1478,2013-09-25,1698.02002,1701.709961,1691.880005,1692.77002,1692.77002,3148730000,69.099998,69.910004,68.720001,68.790001,64.004501,3482500
1479,2013-09-26,1694.050049,1703.8499760000002,1693.109985,1698.6700440000004,1698.6700440000004,2813930000,68.709999,68.709999,67.949997,68.400002,63.887714,1639400
1480,2013-09-27,1695.52002,1695.52002,1687.109985,1691.75,1691.75,2951700000,68.300003,68.339996,67.589996,67.650002,63.187202,1197500
1481,2013-09-30,1687.2600100000002,1687.2600100000002,1674.98999,1681.550049,1681.550049,3308630000,67.41999799999999,67.870003,67.150002,67.589996,63.131156999999995,1880000
1482,2013-10-01,1682.410034,1696.550049,1682.069946,1695.0,1695.0,3238690000,67.739998,68.099998,67.550003,67.959999,63.476749,1103400
1483,2013-10-02,1691.9000239999998,1693.869995,1680.339966,1693.869995,1693.869995,3148600000,67.5,68.089996,67.33000200000001,67.739998,63.27125899999999,1676700
1484,2013-10-03,1692.3499760000002,1692.3499760000002,1670.359985,1678.660034,1678.660034,3279650000,67.489998,67.849998,66.93,67.339996,62.89764399999999,1095800
1485,2013-10-04,1678.790039,1691.939941,1677.329956,1690.5,1690.5,2880270000,67.379997,67.860001,67.269997,67.699997,63.233909999999995,921100
1486,2013-10-07,1687.1500239999998,1687.1500239999998,1674.699951,1676.119995,1676.119995,2678490000,67.309998,67.889999,67.040001,67.540001,63.084442,755500
1487,2013-10-08,1676.219971,1676.790039,1655.030029,1655.449951,1655.449951,3569230000,67.709999,68.370003,67.589996,67.610001,63.149848999999996,1561800
1488,2013-10-09,1656.98999,1662.469971,1646.469971,1656.400024,1656.400024,3577840000,67.800003,68.949997,67.709999,68.440002,63.925076000000004,1828200
1489,2013-10-10,1660.880005,1692.560059,1660.880005,1692.560059,1692.560059,3362300000,69.040001,69.629997,68.760002,69.41999799999999,64.840439,1297600
1490,2013-10-11,1691.089966,1703.439941,1688.52002,1703.199951,1703.199951,2944670000,69.41999799999999,70.33000200000001,69.379997,70.220001,65.587654,1260000
1491,2013-10-14,1699.859985,1711.030029,1692.130005,1710.140015,1710.140015,2580580000,69.849998,70.980003,69.720001,70.809998,66.13874799999999,1261100
1492,2013-10-15,1709.1700440000004,1711.569946,1695.930054,1698.060059,1698.060059,3327740000,70.650002,70.91999799999998,70.110001,70.139999,65.512939,1631300
1493,2013-10-16,1700.4899899999998,1721.7600100000002,1700.4899899999998,1721.540039,1721.540039,3486180000,70.650002,71.519997,70.41999799999998,71.519997,66.801895,1099500
1494,2013-10-17,1720.1700440000004,1733.449951,1714.119995,1733.1500239999998,1733.1500239999998,3453590000,71.050003,72.620003,70.900002,72.550003,67.76396899999999,2322900
1495,2013-10-18,1736.719971,1745.310059,1735.7399899999998,1744.5,1744.5,3664890000,72.769997,73.599998,72.019997,73.459999,68.613922,2696100
1496,2013-10-21,1745.199951,1747.790039,1740.6700440000004,1744.660034,1744.660034,3052710000,73.449997,73.449997,72.91999799999998,73.160004,68.333725,1131000
1497,2013-10-22,1746.47998,1759.3299559999996,1746.47998,1754.6700440000004,1754.6700440000004,3850840000,73.16999799999998,73.720001,72.639999,73.529999,68.679283,1142400
1498,2013-10-23,1752.27002,1752.27002,1740.5,1746.380005,1746.380005,3713380000,73.5,74.08000200000002,73.290001,73.970001,69.090294,1223800
1499,2013-10-24,1747.47998,1753.939941,1745.5,1752.069946,1752.069946,3671700000,73.43,74.260002,73.089996,74.019997,69.136971,2494600
1500,2013-10-25,1756.0100100000002,1759.819946,1752.449951,1759.77002,1759.77002,3175720000,74.050003,74.709999,73.720001,74.610001,69.68806500000001,1483500
1501,2013-10-28,1759.4200440000004,1764.9899899999998,1757.6700440000004,1762.109985,1762.109985,3282300000,74.540001,74.860001,74.16999799999998,74.540001,69.622681,1031400
1502,2013-10-29,1762.930054,1772.089966,1762.930054,1771.949951,1771.949951,3358460000,74.66999799999998,74.66999799999998,73.940002,74.529999,69.613327,1902400
1503,2013-10-30,1772.27002,1775.219971,1757.2399899999998,1763.310059,1763.310059,3523040000,74.639999,74.790001,73.610001,74.089996,69.20237,1820200
1504,2013-10-31,1763.2399899999998,1768.530029,1755.719971,1756.540039,1756.540039,3826530000,74.160004,74.33000200000002,73.32,73.860001,68.987534,1821900
1505,2013-11-01,1758.699951,1765.6700440000004,1752.699951,1761.640015,1761.640015,3686290000,74.25,74.25,73.449997,74.029999,69.14631700000001,1350100
1506,2013-11-04,1763.4000239999998,1768.780029,1761.560059,1767.930054,1767.930054,3194870000,74.16999799999998,74.400002,74.010002,74.290001,69.38916,752900
1507,2013-11-05,1765.6700440000004,1767.030029,1755.7600100000002,1762.969971,1762.969971,3516680000,73.849998,74.230003,73.639999,74.050003,69.165001,1251400
1508,2013-11-06,1765.0,1773.7399899999998,1764.4000239999998,1770.4899899999998,1770.4899899999998,3322100000,74.300003,74.599998,73.66999799999998,73.709999,68.847435,1870400
1509,2013-11-07,1770.7399899999998,1774.540039,1746.199951,1747.1500239999998,1747.1500239999998,4143200000,73.889999,73.889999,72.849998,72.900002,68.09088100000001,1906200
1510,2013-11-08,1748.369995,1770.780029,1747.630005,1770.609985,1770.609985,3837170000,72.889999,73.349998,72.540001,73.33000200000002,68.4925,1604400
1511,2013-11-11,1769.959961,1773.439941,1767.8499760000002,1771.890015,1771.890015,2534060000,73.360001,73.489998,73.040001,73.300003,68.464485,1245800
1512,2013-11-12,1769.5100100000002,1771.780029,1762.290039,1767.689941,1767.689941,3221030000,73.309998,73.449997,72.809998,73.230003,68.399086,1253000
1513,2013-11-13,1764.369995,1782.0,1760.640015,1782.0,1782.0,3327480000,72.889999,73.82,72.599998,73.82,68.950188,892000
1514,2013-11-14,1782.75,1791.530029,1780.219971,1790.619995,1790.619995,3139060000,74.0,74.57,73.75,74.480003,69.56663499999999,932500
1515,2013-11-15,1790.660034,1798.219971,1790.660034,1798.180054,1798.180054,3254820000,74.559998,74.800003,74.209999,74.209999,69.31444499999999,2007800
1516,2013-11-18,1798.819946,1802.329956,1788.0,1791.530029,1791.530029,3168520000,74.349998,74.5,73.339996,73.510002,68.660629,932300
1517,2013-11-19,1790.790039,1795.5100100000002,1784.719971,1787.869995,1787.869995,3224450000,73.309998,74.18,73.0,74.099998,69.21169300000001,1216400
1518,2013-11-20,1789.589966,1795.72998,1777.22998,1781.369995,1781.369995,3109140000,74.050003,74.279999,73.620003,73.790001,68.922157,616500
1519,2013-11-21,1783.52002,1797.160034,1783.52002,1795.8499760000002,1795.8499760000002,3256630000,74.08000200000002,74.32,73.900002,74.139999,69.249054,838700
1520,2013-11-22,1797.209961,1804.839966,1794.699951,1804.76001,1804.76001,3055140000,74.150002,74.440002,73.800003,74.279999,69.379807,1003000
1521,2013-11-25,1806.329956,1808.099976,1800.5799559999996,1802.47998,1802.47998,2998540000,75.379997,75.5,74.540001,74.739998,69.809471,1481700
1522,2013-11-26,1802.869995,1808.420044,1800.77002,1802.75,1802.75,3427120000,74.879997,75.129997,74.389999,74.82,69.884186,997800
1523,2013-11-27,1803.47998,1808.27002,1802.77002,1807.22998,1807.22998,2613590000,74.800003,75.120003,74.559998,74.559998,69.641357,608500
1524,2013-11-29,1808.689941,1813.550049,1803.97998,1805.810059,1805.810059,1598300000,74.589996,75.110001,74.349998,74.41999799999998,69.51059000000001,515200
1525,2013-12-02,1806.550049,1810.02002,1798.5999760000002,1800.9000239999998,1800.9000239999998,3095430000,74.32,74.760002,74.150002,74.260002,69.361153,827300
1526,2013-12-03,1800.0999760000002,1800.0999760000002,1787.8499760000002,1795.1500239999998,1795.1500239999998,3475680000,74.050003,74.230003,73.440002,73.93,69.052925,1066900
1527,2013-12-04,1793.1500239999998,1799.800049,1779.089966,1792.810059,1792.810059,3610540000,73.650002,74.010002,72.760002,73.290001,68.455124,786000
1528,2013-12-05,1792.819946,1792.819946,1783.380005,1785.030029,1785.030029,3336880000,73.190002,73.690002,73.08000200000002,73.160004,68.333725,762200
1529,2013-12-06,1788.359985,1806.040039,1788.359985,1805.089966,1805.089966,3150030000,73.940002,74.540001,73.809998,74.519997,69.603981,1092900
1530,2013-12-09,1806.209961,1811.52002,1806.209961,1808.369995,1808.369995,3129500000,74.480003,74.660004,74.059998,74.610001,69.68806500000001,935700
1531,2013-12-10,1807.599976,1808.52002,1801.75,1802.619995,1802.619995,3117150000,74.349998,74.660004,74.010002,74.400002,69.491936,1030300
1532,2013-12-11,1802.76001,1802.969971,1780.089966,1782.219971,1782.219971,3472240000,74.410004,74.449997,72.68,72.730003,67.932068,1079400
1533,2013-12-12,1781.709961,1782.9899899999998,1772.280029,1775.5,1775.5,3306640000,72.529999,72.620003,71.809998,71.839996,67.10078399999999,1422400
1534,2013-12-13,1777.97998,1780.9200440000004,1772.449951,1775.319946,1775.319946,3061070000,72.040001,72.150002,71.220001,71.559998,66.839272,2079500
1535,2013-12-16,1777.47998,1792.219971,1777.47998,1786.540039,1786.540039,3209890000,72.019997,72.209999,71.400002,71.559998,66.839272,2012900
1536,2013-12-17,1786.469971,1786.77002,1777.050049,1781.0,1781.0,3270030000,71.800003,71.860001,71.239998,71.650002,66.92333199999999,2272600
1537,2013-12-18,1781.459961,1811.079956,1767.9899899999998,1810.650024,1810.650024,4327770000,71.730003,73.809998,71.470001,73.760002,68.894127,2722900
1538,2013-12-19,1809.0,1810.880005,1801.3499760000002,1809.599976,1809.599976,3497210000,73.620003,73.989998,73.050003,73.849998,68.97818000000001,1544200
1539,2013-12-20,1810.390015,1823.75,1810.25,1818.319946,1818.319946,5097700000,74.029999,74.809998,73.849998,74.720001,69.79079399999999,1872900
1540,2013-12-23,1822.920044,1829.75,1822.920044,1827.98999,1827.98999,2851540000,75.0,75.08000200000002,74.58000200000002,75.010002,70.06166800000001,1041500
1541,2013-12-24,1828.02002,1833.319946,1828.02002,1833.319946,1833.319946,1307630000,74.889999,75.339996,74.75,75.0,70.052338,648600
1542,2013-12-26,1834.959961,1842.839966,1834.959961,1842.02002,1842.02002,1982270000,75.0,75.550003,74.93,75.389999,70.41660300000002,519500
1543,2013-12-27,1842.969971,1844.890015,1839.810059,1841.400024,1841.400024,2052920000,75.300003,75.33000200000002,74.779999,75.059998,70.39315,686400
1544,2013-12-30,1841.469971,1842.469971,1838.77002,1841.069946,1841.069946,2293860000,75.190002,75.290001,74.900002,75.019997,70.355644,759200
1545,2013-12-31,1842.609985,1849.439941,1842.410034,1848.359985,1848.359985,2312840000,75.25,75.25,74.900002,75.139999,70.46817800000002,1006400
1546,2014-01-02,1845.859985,1845.859985,1827.73999,1831.97998,1831.97998,3080600000,75.120003,75.120003,74.400002,74.629997,69.989906,1204400
1547,2014-01-03,1833.209961,1838.23999,1829.130005,1831.369995,1831.369995,2774270000,74.019997,75.18,74.019997,74.839996,70.186836,719500
1548,2014-01-06,1832.310059,1837.160034,1823.72998,1826.77002,1826.77002,3294850000,75.480003,75.599998,74.91999799999998,75.349998,70.665123,2301700
1549,2014-01-07,1828.709961,1840.099976,1828.709961,1837.880005,1837.880005,3511750000,74.870003,75.91999799999998,74.870003,75.779999,71.068382,1576200
1550,2014-01-08,1837.900024,1840.02002,1831.400024,1837.48999,1837.48999,3652140000,76.220001,77.209999,76.110001,77.019997,72.231285,2146300
1551,2014-01-09,1839.0,1843.22998,1830.380005,1838.130005,1838.130005,3581150000,77.230003,77.349998,76.650002,76.989998,72.20314,2129200
1552,2014-01-10,1840.060059,1843.150024,1832.430054,1842.369995,1842.369995,3335710000,77.16999799999998,78.529999,76.889999,78.150002,73.291039,1879800
1553,2014-01-13,1841.26001,1843.449951,1815.52002,1819.199951,1819.199951,3591350000,77.83000200000002,78.290001,77.360001,77.43,72.615799,1482300
1554,2014-01-14,1821.359985,1839.26001,1821.359985,1838.880005,1838.880005,3353270000,77.75,78.400002,77.480003,78.160004,73.30040699999998,1573600
1555,2014-01-15,1840.52002,1850.839966,1840.52002,1848.380005,1848.380005,3777800000,78.260002,78.489998,77.66999799999998,78.25,73.384819,1166200
1556,2014-01-16,1847.98999,1847.98999,1840.300049,1845.890015,1845.890015,3491310000,78.230003,78.870003,78.089996,78.68,73.788078,951800
1557,2014-01-17,1844.22998,1846.040039,1835.22998,1838.699951,1838.699951,3626120000,78.82,78.889999,78.08000200000002,78.199997,73.337936,1632900
1558,2014-01-21,1841.050049,1849.310059,1832.380005,1843.800049,1843.800049,3782470000,78.620003,79.0,78.260002,78.589996,73.70367399999998,1285800
1559,2014-01-22,1844.709961,1846.869995,1840.880005,1844.859985,1844.859985,3374170000,78.589996,79.239998,78.489998,78.58000200000002,73.694313,2041800
1560,2014-01-23,1842.290039,1842.290039,1820.060059,1828.459961,1828.459961,3972250000,77.540001,79.0,76.139999,77.779999,72.944038,2333200
1561,2014-01-24,1826.959961,1826.959961,1790.290039,1790.290039,1790.290039,4618450000,77.660004,78.150002,76.110001,76.129997,71.396614,1789100
1562,2014-01-27,1791.030029,1795.97998,1772.880005,1781.560059,1781.560059,4045200000,76.129997,76.779999,75.790001,76.32,71.57480600000002,1235800
1563,2014-01-28,1783.0,1793.869995,1779.4899899999998,1792.5,1792.5,3437830000,76.75,77.459999,76.529999,77.440002,72.625191,1243600
1564,2014-01-29,1790.1500239999998,1790.1500239999998,1770.449951,1774.199951,1774.199951,3964020000,77.239998,77.370003,76.480003,76.900002,72.11874399999998,2155500
1565,2014-01-30,1777.1700440000004,1798.77002,1777.1700440000004,1794.189941,1794.189941,3547510000,77.279999,78.449997,77.209999,78.139999,73.281662,2097300
1566,2014-01-31,1790.880005,1793.880005,1772.2600100000002,1782.589966,1782.589966,4059690000,76.959999,77.849998,76.940002,77.599998,72.775223,1563600
1567,2014-02-03,1782.680054,1784.8299559999996,1739.660034,1741.890015,1741.890015,4726040000,77.839996,77.839996,76.309998,76.470001,71.715477,3528300
1568,2014-02-04,1743.819946,1758.72998,1743.819946,1755.199951,1755.199951,4068410000,76.849998,77.279999,76.230003,76.75,71.978073,3908000
1569,2014-02-05,1753.380005,1755.790039,1737.9200440000004,1751.640015,1751.640015,3984290000,76.449997,77.41999799999998,76.209999,77.0,72.212547,1793700
1570,2014-02-06,1752.9899899999998,1774.060059,1752.9899899999998,1773.430054,1773.430054,3825410000,77.279999,78.33000200000002,77.16999799999998,78.209999,73.347298,2302100
1571,2014-02-07,1776.0100100000002,1798.030029,1776.0100100000002,1797.02002,1797.02002,3775990000,78.449997,79.540001,78.279999,79.43,74.491447,1340000
1572,2014-02-10,1796.199951,1799.939941,1791.8299559999996,1799.839966,1799.839966,3312160000,79.43,80.440002,79.08000200000002,80.41999799999998,75.419891,2736000
1573,2014-02-11,1800.449951,1823.540039,1800.410034,1819.75,1819.75,3699380000,80.339996,81.279999,80.16999799999998,81.139999,76.095146,1229400
1574,2014-02-12,1820.119995,1826.550049,1815.969971,1819.26001,1819.26001,3326380000,81.18,81.41999799999998,80.690002,80.949997,75.916954,1340300
1575,2014-02-13,1814.819946,1830.25,1809.219971,1829.829956,1829.829956,3289510000,80.519997,82.93,80.449997,82.75,77.605026,2446500
1576,2014-02-14,1828.459961,1841.650024,1825.589966,1838.630005,1838.630005,3114750000,83.08000200000002,83.860001,82.470001,83.349998,78.16771700000002,2557100
1577,2014-02-18,1839.030029,1842.869995,1835.01001,1840.76001,1840.76001,3421110000,83.809998,83.82,82.550003,82.620003,77.48311600000002,1805700
1578,2014-02-19,1838.900024,1847.5,1826.98999,1828.75,1828.75,3661570000,82.199997,82.599998,81.57,81.639999,76.564049,1757000
1579,2014-02-20,1829.23999,1842.790039,1824.579956,1839.780029,1839.780029,3404980000,81.589996,82.849998,81.18,82.650002,77.511253,1428100
1580,2014-02-21,1841.069946,1846.130005,1835.599976,1836.25,1836.25,3403880000,82.589996,83.120003,82.0,82.099998,76.99543800000002,1602100
1581,2014-02-24,1836.780029,1858.709961,1836.780029,1847.609985,1847.609985,4014530000,82.150002,83.059998,82.099998,82.610001,77.473732,1745500
1582,2014-02-25,1847.660034,1852.910034,1840.189941,1845.119995,1845.119995,3515560000,82.32,82.68,81.459999,81.589996,76.517166,1594600
1583,2014-02-26,1845.790039,1852.650024,1840.660034,1845.160034,1845.160034,3716730000,81.699997,81.970001,80.739998,81.129997,76.085739,1853400
1584,2014-02-27,1844.900024,1854.530029,1841.130005,1854.290039,1854.290039,3547460000,81.120003,81.32,80.650002,81.16999799999998,76.123253,1552800
1585,2014-02-28,1855.119995,1867.920044,1847.670044,1859.449951,1859.449951,3917450000,81.16999799999998,81.519997,79.839996,80.239998,75.251099,2490500
1586,2014-03-03,1857.680054,1857.680054,1834.439941,1845.72998,1845.72998,3428220000,79.449997,80.309998,79.43,79.900002,74.93222,1503800
1587,2014-03-04,1849.22998,1876.22998,1849.22998,1873.910034,1873.910034,3765770000,81.040001,82.050003,80.809998,81.870003,76.779732,1747700
1588,2014-03-05,1874.050049,1876.530029,1871.109985,1873.810059,1873.810059,3392990000,81.800003,81.889999,80.970001,81.08000200000002,76.038857,1339200
1589,2014-03-06,1874.180054,1881.939941,1874.180054,1877.030029,1877.030029,3360450000,81.279999,81.41999799999998,80.709999,80.949997,75.916954,1024700
1590,2014-03-07,1878.52002,1883.569946,1870.560059,1878.040039,1878.040039,3564740000,81.360001,81.709999,80.690002,81.639999,76.564049,1380300
1591,2014-03-10,1877.859985,1877.869995,1867.040039,1877.170044,1877.170044,3021350000,81.360001,81.879997,81.360001,81.800003,76.714096,994700
1592,2014-03-11,1878.26001,1882.349976,1863.880005,1867.630005,1867.630005,3392400000,81.730003,81.879997,81.269997,81.629997,76.554672,1030900
1593,2014-03-12,1866.150024,1868.380005,1854.380005,1868.199951,1868.199951,3270860000,81.25,81.639999,81.239998,81.629997,76.554672,920400
1594,2014-03-13,1869.060059,1874.400024,1841.859985,1846.339966,1846.339966,3670990000,82.16999799999998,82.269997,81.099998,81.220001,76.170158,1970500
1595,2014-03-14,1845.069946,1852.439941,1839.569946,1841.130005,1841.130005,3285460000,81.139999,81.639999,80.129997,80.269997,75.279213,1490300
1596,2014-03-17,1842.810059,1862.300049,1842.810059,1858.829956,1858.829956,2860490000,80.550003,81.160004,80.480003,80.790001,75.766891,1204500
1597,2014-03-18,1858.920044,1873.76001,1858.920044,1872.25,1872.25,2930190000,80.860001,81.599998,80.239998,81.529999,76.460884,1405900
1598,2014-03-19,1872.25,1874.140015,1850.349976,1860.77002,1860.77002,3289210000,81.559998,81.970001,80.730003,81.220001,76.170158,985900
1599,2014-03-20,1860.089966,1873.48999,1854.630005,1872.01001,1872.01001,3327540000,81.07,81.33000200000002,80.519997,81.300003,76.245193,912300
1600,2014-03-21,1874.530029,1883.969971,1863.459961,1866.52002,1866.52002,5270710000,81.910004,82.300003,80.730003,80.860001,75.832535,2765700
1601,2014-03-24,1867.670044,1873.339966,1849.689941,1857.439941,1857.439941,3409000000,81.209999,81.25,79.18,79.309998,74.378906,2157200
1602,2014-03-25,1859.47998,1871.869995,1855.959961,1865.619995,1865.619995,3200560000,79.57,80.629997,79.379997,79.940002,74.969749,1154900
1603,2014-03-26,1867.089966,1875.920044,1852.560059,1852.560059,1852.560059,3480850000,80.309998,80.690002,79.589996,79.589996,74.64149499999998,1166100
1604,2014-03-27,1852.109985,1855.550049,1842.109985,1849.040039,1849.040039,3733430000,79.33000200000002,79.980003,78.75,79.870003,75.192245,1161500
1605,2014-03-28,1850.069946,1866.630005,1850.069946,1857.619995,1857.619995,2955520000,80.220001,81.150002,80.110001,80.540001,75.823013,828100
1606,2014-03-31,1859.160034,1875.180054,1859.160034,1872.339966,1872.339966,3274300000,80.779999,81.66999799999998,80.43,81.470001,76.69854000000002,1112300
1607,2014-04-01,1873.959961,1885.839966,1873.959961,1885.52002,1885.52002,3336190000,81.879997,82.18,81.349998,81.879997,77.08453399999998,1082800
1608,2014-04-02,1886.609985,1893.170044,1883.790039,1890.900024,1890.900024,3131660000,81.790001,82.589996,81.790001,82.290001,77.470505,2052700
1609,2014-04-03,1891.430054,1893.800049,1882.650024,1888.77002,1888.77002,3055600000,82.559998,84.230003,82.339996,84.129997,79.202751,2873800
1610,2014-04-04,1890.25,1897.280029,1863.26001,1865.089966,1865.089966,3583750000,84.360001,84.849998,82.489998,82.599998,77.76236,1570700
1611,2014-04-07,1863.920044,1864.040039,1841.47998,1845.040039,1845.040039,3801540000,82.349998,82.489998,80.75,81.230003,76.472588,1501600
1612,2014-04-08,1845.47998,1854.949951,1837.48999,1851.959961,1851.959961,3721450000,81.209999,81.650002,80.41999799999998,81.260002,76.500839,1764700
1613,2014-04-09,1852.640015,1872.430054,1852.380005,1872.180054,1872.180054,3308650000,81.279999,82.160004,80.91999799999998,82.099998,77.291634,1426000
1614,2014-04-10,1872.280029,1872.530029,1830.869995,1833.079956,1833.079956,3758780000,82.139999,82.209999,79.43,79.639999,74.9757,1199800
1615,2014-04-11,1830.650024,1835.069946,1814.359985,1815.689941,1815.689941,3743460000,79.260002,80.029999,79.059998,79.360001,74.712112,1894000
1616,2014-04-14,1818.180054,1834.189941,1815.800049,1830.609985,1830.609985,3111540000,80.260002,80.349998,79.129997,79.800003,75.126358,1572200
1617,2014-04-15,1831.449951,1844.02002,1816.290039,1842.97998,1842.97998,3736440000,79.879997,80.07,77.389999,79.57,74.909813,2291100
1618,2014-04-16,1846.01001,1862.310059,1846.01001,1862.310059,1862.310059,3155080000,80.239998,80.25,78.279999,79.050003,74.420273,2154800
1619,2014-04-17,1861.72998,1869.630005,1856.719971,1864.849976,1864.849976,3341430000,78.760002,79.449997,78.489998,78.779999,74.166077,1337200
1620,2014-04-21,1865.790039,1871.890015,1863.180054,1871.890015,1871.890015,2642500000,78.870003,79.730003,78.800003,79.480003,74.825089,2066800
1621,2014-04-22,1872.569946,1884.890015,1872.569946,1879.550049,1879.550049,3215440000,79.620003,79.779999,78.699997,78.739998,74.128403,1729900
1622,2014-04-23,1879.319946,1879.75,1873.910034,1875.390015,1875.390015,3085720000,78.739998,79.110001,78.029999,78.389999,73.798935,1904500
1623,2014-04-24,1881.969971,1884.060059,1870.23999,1878.609985,1878.609985,3191830000,80.5,80.779999,76.889999,77.879997,73.318794,4159700
1624,2014-04-25,1877.719971,1877.719971,1859.699951,1863.400024,1863.400024,3213020000,77.58000200000002,78.449997,76.66999799999998,76.720001,72.22674599999998,2050600
1625,2014-04-28,1865.0,1877.01001,1850.609985,1869.430054,1869.430054,4034680000,77.129997,77.300003,75.779999,76.83000200000002,72.330292,2373700
1626,2014-04-29,1870.780029,1880.599976,1870.780029,1878.329956,1878.329956,3647820000,77.160004,78.269997,76.900002,77.900002,73.33760799999997,1612400
1627,2014-04-30,1877.099976,1885.199951,1872.689941,1883.949951,1883.949951,3779230000,77.900002,78.019997,77.290001,77.75,73.196404,1116900
1628,2014-05-01,1884.390015,1888.589966,1878.040039,1883.680054,1883.680054,3416740000,77.739998,77.940002,77.120003,77.43,72.895157,1164300
1629,2014-05-02,1885.300049,1891.329956,1878.5,1881.140015,1881.140015,3159560000,77.43,78.029999,77.260002,77.82,73.262299,1057400
1630,2014-05-05,1879.449951,1885.51001,1866.77002,1884.660034,1884.660034,2733730000,77.690002,78.93,77.32,78.83000200000002,74.213142,1700600
1631,2014-05-06,1883.689941,1883.689941,1867.719971,1867.719971,1867.719971,3327260000,78.599998,79.43,78.459999,79.040001,74.410851,1701800
1632,2014-05-07,1868.530029,1878.829956,1859.790039,1878.209961,1878.209961,3632950000,78.769997,79.480003,78.410004,79.41999799999998,74.76859300000002,1261700
1633,2014-05-08,1877.390015,1889.069946,1870.050049,1875.630005,1875.630005,3393420000,79.410004,80.41999799999998,79.349998,80.040001,75.352295,1562800
1634,2014-05-09,1875.27002,1878.569946,1867.02002,1878.47998,1878.47998,3025020000,79.93,80.629997,79.410004,80.620003,75.898315,1263500
1635,2014-05-12,1880.030029,1897.130005,1880.030029,1896.650024,1896.650024,3005740000,80.790001,81.389999,80.57,81.099998,76.350197,1307700
1636,2014-05-13,1896.75,1902.170044,1896.060059,1897.449951,1897.449951,2915680000,81.410004,81.440002,80.33000200000002,80.349998,75.64411899999998,1379100
1637,2014-05-14,1897.130005,1897.130005,1885.77002,1888.530029,1888.530029,2822060000,80.190002,80.220001,79.290001,80.110001,75.418182,1688100
1638,2014-05-15,1888.160034,1888.160034,1862.359985,1870.849976,1870.849976,3552640000,79.769997,79.800003,78.849998,79.120003,74.486145,1254200
1639,2014-05-16,1871.189941,1878.280029,1864.819946,1877.859985,1877.859985,3173650000,79.029999,80.129997,78.889999,80.099998,75.40879100000002,1420400
1640,2014-05-19,1876.660034,1886.0,1872.420044,1885.079956,1885.079956,2664250000,79.57,80.360001,79.459999,80.099998,75.40879100000002,949600
1641,2014-05-20,1884.880005,1884.880005,1868.140015,1872.829956,1872.829956,3007700000,80.18,80.550003,79.699997,80.050003,75.361687,1498200
1642,2014-05-21,1873.339966,1888.800049,1873.339966,1888.030029,1888.030029,2777140000,80.099998,80.41999799999998,79.940002,80.370003,75.662971,701600
1643,2014-05-22,1888.189941,1896.329956,1885.390015,1892.48999,1892.48999,2759800000,80.379997,80.629997,79.910004,80.589996,75.870079,853200
1644,2014-05-23,1893.319946,1901.26001,1893.319946,1900.530029,1900.530029,2396280000,80.440002,80.58000200000002,80.120003,80.269997,75.56881,632500
1645,2014-05-27,1902.01001,1912.280029,1902.01001,1911.910034,1911.910034,2911020000,80.43,80.480003,79.959999,80.360001,75.653534,732900
1646,2014-05-28,1911.77002,1914.459961,1907.300049,1909.780029,1909.780029,2976450000,83.5,83.860001,81.610001,82.639999,77.800011,5573000
1647,2014-05-29,1910.599976,1920.030029,1909.819946,1920.030029,1920.030029,2709050000,83.220001,83.900002,83.0,83.889999,78.976784,1452900
1648,2014-05-30,1920.329956,1924.030029,1916.640015,1923.569946,1923.569946,3263490000,85.379997,85.610001,83.120003,84.489998,79.541679,3349500
1649,2014-06-02,1923.869995,1925.880005,1915.97998,1924.969971,1924.969971,2509020000,84.730003,85.089996,84.199997,84.83000200000002,79.86174,1177600
1650,2014-06-03,1923.069946,1925.069946,1918.790039,1924.23999,1924.23999,2867180000,84.720001,85.760002,84.400002,85.459999,80.454849,1687400
1651,2014-06-04,1923.060059,1928.630005,1918.599976,1927.880005,1927.880005,2793920000,85.379997,86.08000200000002,85.089996,85.529999,80.520752,2348000
1652,2014-06-05,1928.52002,1941.73999,1922.930054,1940.459961,1940.459961,3113270000,85.459999,85.949997,85.239998,85.779999,80.756119,1083800
1653,2014-06-06,1942.410034,1949.439941,1942.410034,1949.439941,1949.439941,2864300000,85.760002,86.120003,85.269997,85.559998,80.54898100000003,1318400
1654,2014-06-09,1948.969971,1955.550049,1947.160034,1951.27002,1951.27002,2812180000,85.400002,85.57,84.980003,85.5,80.49249300000002,1051800
1655,2014-06-10,1950.339966,1950.859985,1944.640015,1950.790039,1950.790039,2702360000,85.739998,85.739998,84.68,85.099998,80.115936,1003500
1656,2014-06-11,1949.369995,1949.369995,1940.079956,1943.890015,1943.890015,2710620000,85.279999,85.279999,84.449997,84.760002,79.79585300000002,979600
1657,2014-06-12,1943.349976,1943.349976,1925.780029,1930.109985,1930.109985,3040480000,84.82,84.82,83.510002,83.779999,78.87323,1539100
1658,2014-06-13,1930.800049,1937.300049,1927.689941,1936.160034,1936.160034,2598230000,84.019997,84.029999,83.279999,83.440002,78.553169,977100
1659,2014-06-16,1934.839966,1941.150024,1930.910034,1937.780029,1937.780029,2926130000,84.199997,86.519997,83.970001,84.610001,79.65463299999998,2338600
1660,2014-06-17,1937.150024,1943.689941,1933.550049,1941.98999,1941.98999,2971260000,84.209999,84.43,83.660004,83.800003,78.892059,1152600
1661,2014-06-18,1942.72998,1957.73999,1939.290039,1956.97998,1956.97998,3065220000,83.519997,84.470001,83.519997,84.43,79.485191,935800
1662,2014-06-19,1957.5,1959.869995,1952.26001,1959.47998,1959.47998,2952150000,84.599998,85.66999799999998,84.599998,85.639999,80.624298,1298300
1663,2014-06-20,1960.449951,1963.910034,1959.170044,1962.869995,1962.869995,4336240000,86.239998,86.93,86.010002,86.08000200000002,81.03854399999999,2118800
1664,2014-06-23,1962.920044,1963.73999,1958.890015,1962.609985,1962.609985,2717630000,85.879997,86.25,85.150002,85.260002,80.26657900000002,890600
1665,2014-06-24,1961.969971,1968.170044,1948.339966,1949.97998,1949.97998,3089700000,85.07,85.589996,84.660004,84.730003,79.767616,694400
1666,2014-06-25,1949.27002,1960.829956,1947.48999,1959.530029,1959.530029,3106710000,85.599998,85.650002,85.089996,85.5,80.49249300000002,1034700
1667,2014-06-26,1959.890015,1959.890015,1944.689941,1957.219971,1957.219971,2778840000,85.230003,85.230003,84.550003,84.610001,79.939796,1083900
1668,2014-06-27,1956.560059,1961.469971,1952.180054,1960.959961,1960.959961,4290590000,84.470001,84.849998,83.809998,83.970001,79.33512900000002,1642200
1669,2014-06-30,1960.790039,1964.23999,1958.219971,1960.22998,1960.22998,3037350000,84.089996,84.489998,83.900002,84.32,79.66579399999998,1586800
1670,2014-07-01,1962.290039,1978.579956,1962.290039,1973.319946,1973.319946,3188240000,84.989998,85.889999,84.720001,85.5,80.78067,1178400
1671,2014-07-02,1973.060059,1976.670044,1972.579956,1974.619995,1974.619995,2851480000,85.220001,85.599998,84.889999,85.400002,80.686203,653300
1672,2014-07-03,1975.880005,1985.589966,1975.880005,1985.439941,1985.439941,1998090000,85.529999,85.720001,85.110001,85.629997,80.903503,443400
1673,2014-07-07,1984.219971,1984.219971,1974.880005,1977.650024,1977.650024,2681260000,85.690002,85.910004,85.0,85.559998,80.83736400000002,789700
1674,2014-07-08,1976.390015,1976.390015,1959.459961,1963.709961,1963.709961,3302430000,85.470001,85.470001,83.849998,83.93,79.29734,1326400
1675,2014-07-09,1965.099976,1974.150024,1965.099976,1972.829956,1972.829956,2858800000,84.089996,84.290001,83.519997,83.980003,79.344574,951800
1676,2014-07-10,1966.670044,1969.839966,1952.859985,1964.680054,1964.680054,3165690000,83.389999,83.910004,82.68,83.68,79.061127,1088800
1677,2014-07-11,1965.76001,1968.670044,1959.630005,1967.569946,1967.569946,2684630000,83.57,84.050003,83.459999,84.019997,79.38237,562700
1678,2014-07-14,1969.859985,1979.849976,1969.859985,1977.099976,1977.099976,2744920000,84.400002,84.489998,83.230003,83.449997,78.843826,1232800
1679,2014-07-15,1977.359985,1982.52002,1965.339966,1973.280029,1973.280029,3328740000,81.860001,84.0,81.860001,82.739998,78.173019,1787400
1680,2014-07-16,1976.349976,1983.939941,1975.670044,1981.569946,1981.569946,3390950000,83.239998,83.239998,82.139999,82.290001,77.74787099999998,1295400
1681,2014-07-17,1979.75,1981.800049,1955.589966,1958.119995,1958.119995,3381680000,81.809998,82.790001,81.16999799999998,81.709999,77.199875,1877100
1682,2014-07-18,1961.540039,1979.910034,1960.819946,1978.219971,1978.219971,3106060000,82.139999,82.839996,81.0,82.160004,77.62505300000002,1411700
1683,2014-07-21,1976.930054,1976.930054,1965.77002,1973.630005,1973.630005,2611160000,81.889999,82.220001,81.209999,81.589996,77.086502,1461000
1684,2014-07-22,1975.650024,1986.23999,1975.650024,1983.530029,1983.530029,2890480000,81.940002,82.379997,81.629997,81.889999,77.369926,1112000
1685,2014-07-23,1985.319946,1989.22998,1982.439941,1987.01001,1987.01001,2869720000,82.260002,82.410004,81.620003,81.809998,77.29435,1429400
1686,2014-07-24,1988.069946,1991.390015,1985.790039,1987.97998,1987.97998,3203530000,81.879997,81.879997,80.550003,80.790001,76.33065,4129400
1687,2014-07-25,1984.599976,1984.599976,1974.369995,1978.339966,1978.339966,2638960000,80.839996,81.099998,80.110001,80.440002,75.999985,1730400
1688,2014-07-28,1978.25,1981.52002,1967.310059,1978.910034,1978.910034,2803320000,80.529999,80.529999,79.800003,80.089996,75.66928100000001,2007100
1689,2014-07-29,1980.030029,1984.849976,1969.949951,1969.949951,1969.949951,3183300000,80.139999,80.629997,79.940002,80.220001,75.792107,1542400
1690,2014-07-30,1973.209961,1978.900024,1962.420044,1970.069946,1970.069946,3448250000,80.410004,80.790001,80.089996,80.410004,75.971634,1233600
1691,2014-07-31,1965.140015,1965.140015,1930.670044,1930.670044,1930.670044,4193000000,80.139999,80.540001,79.699997,79.769997,75.366943,2000500
1692,2014-08-01,1929.800049,1937.349976,1916.369995,1925.150024,1925.150024,3789660000,79.699997,80.260002,79.029999,80.0,75.584251,1924800
1693,2014-08-04,1926.619995,1942.920044,1921.199951,1938.98999,1938.98999,3072920000,80.0,80.760002,79.739998,80.58000200000002,76.132248,1183500
1694,2014-08-05,1936.339966,1936.339966,1913.77002,1920.209961,1920.209961,3462520000,80.269997,80.75,79.75,79.989998,75.574799,1350100
1695,2014-08-06,1917.290039,1927.910034,1911.449951,1920.23999,1920.23999,3539150000,79.389999,80.199997,79.389999,79.82,75.414192,1406600
1696,2014-08-07,1923.030029,1928.890015,1904.780029,1909.569946,1909.569946,3230520000,79.900002,80.129997,78.970001,79.25,74.875656,1840800
1697,2014-08-08,1910.349976,1932.380005,1909.01001,1931.589966,1931.589966,2902280000,79.5,79.949997,78.910004,79.809998,75.404732,1133600
1698,2014-08-11,1933.430054,1944.900024,1933.430054,1936.920044,1936.920044,2784890000,80.129997,80.129997,79.480003,79.550003,75.15909599999998,739600
1699,2014-08-12,1935.72998,1939.650024,1928.290039,1933.75,1933.75,2611700000,79.980003,80.019997,79.43,79.589996,75.196884,1442800
1700,2014-08-13,1935.599976,1948.410034,1935.599976,1946.719971,1946.719971,2718020000,79.989998,80.800003,79.889999,80.75,76.292862,1629500
1701,2014-08-14,1947.410034,1955.22998,1947.410034,1955.180054,1955.180054,2609460000,80.889999,81.379997,80.550003,80.91999799999998,76.453461,1093000
1702,2014-08-15,1958.869995,1964.040039,1941.5,1955.060059,1955.060059,3023380000,81.220001,81.220001,79.779999,80.470001,76.028313,907200
1703,2014-08-18,1958.359985,1971.98999,1958.359985,1971.73999,1971.73999,2638160000,81.059998,81.370003,80.730003,81.32,76.831398,743300
1704,2014-08-19,1972.72998,1982.569946,1972.72998,1981.599976,1981.599976,2656430000,81.25,82.019997,81.08000200000002,81.980003,77.454971,944100
1705,2014-08-20,1980.459961,1988.569946,1977.680054,1986.51001,1986.51001,2579560000,81.639999,82.010002,81.300003,81.889999,77.369926,829700
1706,2014-08-21,1986.819946,1994.76001,1986.819946,1992.369995,1992.369995,2638920000,81.779999,82.949997,81.699997,82.900002,78.32418100000002,1307400
1707,2014-08-22,1992.599976,1993.540039,1984.76001,1988.400024,1988.400024,2301860000,82.779999,82.790001,82.029999,82.139999,77.606125,977000
1708,2014-08-25,1991.73999,2001.949951,1991.73999,1997.920044,1997.920044,2233880000,82.440002,82.989998,82.300003,82.93,78.352524,1065000
1709,2014-08-26,1998.589966,2005.040039,1998.589966,2000.02002,2000.02002,2451950000,82.519997,83.089996,82.099998,82.849998,78.276939,1771400
1710,2014-08-27,2000.540039,2002.140015,1996.199951,2000.119995,2000.119995,2344350000,82.739998,82.83000200000002,82.139999,82.33000200000002,77.785645,592600
1711,2014-08-28,1997.420044,1998.550049,1990.52002,1996.73999,1996.73999,2282400000,82.129997,82.699997,81.889999,82.66999799999998,78.10688,764300
1712,2014-08-29,1998.449951,2003.380005,1994.650024,2003.369995,2003.369995,2259130000,82.83000200000002,83.480003,82.57,83.309998,78.71157099999998,1136300
1713,2014-09-02,2004.069946,2006.119995,1994.849976,2002.280029,2002.280029,2819980000,83.610001,83.610001,82.760002,83.120003,78.532059,1073100
1714,2014-09-03,2003.569946,2009.280029,1998.140015,2000.719971,2000.719971,2809980000,83.5,83.739998,83.220001,83.510002,78.90052800000002,1006200
1715,2014-09-04,2001.670044,2011.170044,1992.540039,1997.650024,1997.650024,3072410000,83.699997,84.309998,83.110001,83.33000200000002,78.730446,887000
1716,2014-09-05,1998.0,2007.709961,1990.099976,2007.709961,2007.709961,2818300000,83.279999,84.16999799999998,82.839996,84.129997,79.48628199999997,728300
1717,2014-09-08,2007.170044,2007.170044,1995.599976,2001.540039,2001.540039,2789090000,84.07,84.349998,83.910004,84.269997,79.61856800000002,967800
1718,2014-09-09,2000.72998,2001.01001,1984.609985,1988.439941,1988.439941,2882830000,84.279999,84.41999799999998,83.66999799999998,83.75,79.127266,753700
1719,2014-09-10,1988.410034,1996.660034,1982.98999,1995.689941,1995.689941,2912430000,84.040001,84.160004,83.690002,83.910004,79.27845,961900
1720,2014-09-11,1992.849976,1997.650024,1985.930054,1997.449951,1997.449951,2941690000,83.589996,84.290001,83.43,84.239998,79.590225,819500
1721,2014-09-12,1996.73999,1996.73999,1980.26001,1985.540039,1985.540039,3206570000,84.190002,84.349998,83.220001,83.459999,78.853279,888000
1722,2014-09-15,1986.040039,1987.180054,1978.47998,1984.130005,1984.130005,2776530000,83.379997,83.739998,83.040001,83.400002,78.796593,566700
1723,2014-09-16,1981.930054,2002.280029,1979.060059,1998.97998,1998.97998,3160310000,83.58000200000002,84.290001,82.709999,84.059998,79.42016600000002,922200
1724,2014-09-17,1999.300049,2010.73999,1993.290039,2001.569946,2001.569946,3209420000,84.08000200000002,84.519997,83.66999799999998,83.940002,79.306786,1052500
1725,2014-09-18,2003.069946,2012.339966,2003.069946,2011.359985,2011.359985,3235340000,84.449997,84.589996,83.66999799999998,84.07,79.429588,2065800
1726,2014-09-19,2012.73999,2019.26001,2006.589966,2010.400024,2010.400024,4880220000,84.440002,84.620003,82.760002,82.839996,78.26750200000002,2694800
1727,2014-09-22,2009.079956,2009.079956,1991.01001,1994.290039,1994.290039,3349670000,82.58000200000002,82.839996,82.059998,82.139999,77.606125,1042600
1728,2014-09-23,1992.780029,1995.410034,1982.77002,1982.77002,1982.77002,3279350000,81.480003,81.779999,81.25,81.510002,77.010918,1525000
1729,2014-09-24,1983.339966,1999.790039,1978.630005,1998.300049,1998.300049,3313850000,81.68,82.300003,81.32,82.129997,77.59668,866000
1730,2014-09-25,1997.319946,1997.319946,1965.98999,1965.98999,1965.98999,3273050000,82.150002,82.160004,80.93,81.230003,76.746361,2105400
1731,2014-09-26,1966.219971,1986.369995,1966.219971,1982.849976,1982.849976,2929440000,81.129997,81.839996,80.959999,81.5,77.291687,1278500
1732,2014-09-29,1978.959961,1981.280029,1964.040039,1977.800049,1977.800049,3094440000,80.82,81.57,80.730003,81.519997,77.310654,1020600
1733,2014-09-30,1978.209961,1985.170044,1968.959961,1972.290039,1972.290039,3951100000,81.459999,81.620003,80.739998,80.75,76.58040600000002,954600
1734,2014-10-01,1971.439941,1971.439941,1941.719971,1946.160034,1946.160034,4188590000,81.029999,81.610001,80.18,81.33000200000002,77.130455,2467400
1735,2014-10-02,1945.829956,1952.319946,1926.030029,1946.170044,1946.170044,4012510000,81.099998,82.08000200000002,80.91999799999998,81.739998,77.519279,1356500
1736,2014-10-03,1948.119995,1971.189941,1948.119995,1967.900024,1967.900024,3560970000,82.379997,82.760002,82.129997,82.510002,78.249535,1434300
1737,2014-10-06,1970.01001,1977.839966,1958.430054,1964.819946,1964.819946,3358220000,83.139999,84.089996,83.08000200000002,83.699997,79.37809,1377600
1738,2014-10-07,1962.359985,1962.359985,1934.869995,1935.099976,1935.099976,3687870000,83.16999799999998,83.269997,82.389999,82.440002,78.183128,1511100
1739,2014-10-08,1935.550049,1970.359985,1925.25,1968.890015,1968.890015,4441890000,82.589996,84.349998,82.41999799999998,84.349998,79.99453000000003,1859200
1740,2014-10-09,1967.680054,1967.680054,1927.560059,1928.209961,1928.209961,4344020000,84.07,84.739998,82.870003,82.91999799999998,78.638351,1339600
1741,2014-10-10,1925.630005,1936.97998,1906.050049,1906.130005,1906.130005,4550540000,82.599998,83.620003,81.900002,81.900002,77.671036,1338200
1742,2014-10-13,1905.650024,1912.089966,1874.140015,1874.73999,1874.73999,4352580000,81.589996,82.32,81.190002,81.220001,77.026146,2010600
1743,2014-10-14,1877.109985,1898.709961,1871.790039,1877.699951,1877.699951,4812010000,81.650002,82.349998,80.480003,80.639999,76.476097,2704600
1744,2014-10-15,1874.180054,1874.180054,1820.660034,1862.48999,1862.48999,6090800000,79.57,79.970001,77.870003,79.480003,75.37599200000002,2981800
1745,2014-10-16,1855.949951,1876.01001,1835.02002,1862.76001,1862.76001,5073150000,78.589996,79.989998,78.349998,79.199997,75.110435,2545900
1746,2014-10-17,1864.910034,1898.160034,1864.910034,1886.76001,1886.76001,4482120000,79.389999,80.860001,79.360001,80.279999,76.134674,3047600
1747,2014-10-20,1885.619995,1905.030029,1882.300049,1904.01001,1904.01001,3331210000,79.82,81.040001,79.629997,81.0,76.817482,1528400
1748,2014-10-21,1909.380005,1942.449951,1909.380005,1941.280029,1941.280029,3987090000,81.540001,82.57,81.540001,82.139999,77.898628,1603700
1749,2014-10-22,1941.290039,1949.310059,1926.829956,1927.109985,1927.109985,3761930000,82.25,83.040001,82.099998,82.559998,78.296951,1552900
1750,2014-10-23,1931.02002,1961.949951,1931.02002,1950.819946,1950.819946,3789250000,83.480003,83.93,83.099998,83.529999,79.216858,1202600
1751,2014-10-24,1951.589966,1965.27002,1946.27002,1964.579956,1964.579956,3078380000,83.290001,84.43,83.290001,84.220001,79.871208,669500
1752,2014-10-27,1962.969971,1964.640015,1951.369995,1961.630005,1961.630005,3538860000,84.16999799999998,84.690002,84.089996,84.379997,80.02295699999998,784000
1753,2014-10-28,1964.140015,1985.050049,1964.140015,1985.050049,1985.050049,3653260000,85.010002,86.25,84.910004,86.190002,81.73951,1408300
1754,2014-10-29,1983.290039,1991.400024,1969.040039,1982.300049,1982.300049,3740350000,86.230003,86.75,86.019997,86.68,82.204201,1363700
1755,2014-10-30,1979.48999,1999.400024,1974.75,1994.650024,1994.650024,3586150000,86.18,87.239998,86.160004,87.040001,82.545609,1375200
1756,2014-10-31,2001.199951,2018.189941,2001.199951,2018.050049,2018.050049,4292290000,87.879997,88.209999,87.43,87.529999,83.010323,1287900
1757,2014-11-03,2018.209961,2024.459961,2013.680054,2017.810059,2017.810059,3555440000,87.360001,87.800003,86.739998,86.849998,82.365425,1241300
1758,2014-11-04,2015.810059,2015.97998,2001.01001,2012.099976,2012.099976,3956260000,86.879997,87.720001,86.779999,87.650002,83.12413000000002,1075900
1759,2014-11-05,2015.290039,2023.77002,2014.420044,2023.569946,2023.569946,3766590000,88.019997,88.230003,87.66999799999998,88.019997,83.47500600000002,2155900
1760,2014-11-06,2023.329956,2031.609985,2015.859985,2031.209961,2031.209961,3669770000,88.269997,88.75,88.050003,88.550003,83.977638,1022100
1761,2014-11-07,2032.359985,2034.26001,2025.069946,2031.920044,2031.920044,3704280000,88.33000200000002,88.5,87.139999,87.470001,82.953415,2027200
1762,2014-11-10,2032.01001,2038.699951,2030.170044,2038.26001,2038.26001,3284940000,87.379997,88.5,87.0,88.440002,83.873306,819700
1763,2014-11-11,2038.199951,2041.280029,2035.280029,2039.680054,2039.680054,2958320000,88.389999,89.0,88.239998,88.68,84.100922,543300
1764,2014-11-12,2037.75,2040.329956,2031.949951,2038.25,2038.25,3246650000,88.370003,88.82,88.239998,88.58000200000002,84.006088,616700
1765,2014-11-13,2039.209961,2046.180054,2030.439941,2039.329956,2039.329956,3455270000,88.790001,89.239998,88.370003,88.839996,84.252655,887700
1766,2014-11-14,2039.73999,2042.219971,2035.199951,2039.819946,2039.819946,3227130000,88.639999,88.639999,87.68,88.0,83.456032,701100
1767,2014-11-17,2038.290039,2043.069946,2034.459961,2041.319946,2041.319946,3152890000,87.839996,88.650002,87.66999799999998,88.529999,83.958679,605700
1768,2014-11-18,2041.47998,2056.080078,2041.47998,2051.800049,2051.800049,3416190000,88.58000200000002,90.300003,88.400002,90.160004,85.504494,1289600
1769,2014-11-19,2051.159912,2052.139893,2040.369995,2048.719971,2048.719971,3390850000,89.879997,90.25,89.58000200000002,89.639999,85.01136,917000
1770,2014-11-20,2045.869995,2053.840088,2040.48999,2052.75,2052.75,3128290000,89.470001,89.839996,88.940002,89.650002,85.020859,654600
1771,2014-11-21,2057.459961,2071.459961,2056.75,2063.5,2063.5,3916420000,90.720001,90.779999,89.900002,90.110001,85.457115,1557600
1772,2014-11-24,2065.070068,2070.169922,2065.070068,2069.409912,2069.409912,3128060000,90.639999,91.550003,90.099998,91.400002,86.680481,1794400
1773,2014-11-25,2070.149902,2074.209961,2064.75,2067.030029,2067.030029,3392940000,91.449997,92.089996,91.339996,91.900002,87.154663,1532700
1774,2014-11-26,2067.360107,2073.290039,2066.6201170000004,2072.830078,2072.830078,2745260000,91.900002,92.410004,91.730003,92.370003,87.600403,834500
1775,2014-11-28,2074.780029,2075.76001,2065.060059,2067.560059,2067.560059,2504640000,92.639999,93.860001,92.629997,92.910004,88.11251800000002,680900
1776,2014-12-01,2065.780029,2065.780029,2049.570068,2053.439941,2053.439941,4159010000,92.790001,93.57,92.370003,92.959999,88.159943,818100
1777,2014-12-02,2053.77002,2068.77002,2053.77002,2066.550049,2066.550049,3686650000,93.209999,94.93,93.199997,94.660004,89.772148,1558400
1778,2014-12-03,2067.449951,2076.280029,2066.649902,2074.330078,2074.330078,3612680000,94.620003,94.639999,93.949997,94.510002,89.629898,1108200
1779,2014-12-04,2073.639893,2077.340088,2062.340088,2071.919922,2071.919922,3408340000,94.120003,95.010002,93.91999799999999,94.379997,89.50660699999996,617500
1780,2014-12-05,2072.780029,2079.469971,2070.810059,2075.3701170000004,2075.3701170000004,3419620000,94.279999,95.0,94.07,94.620003,89.734215,642900
1781,2014-12-08,2074.840088,2075.780029,2054.27002,2060.310059,2060.310059,3800990000,94.519997,95.370003,94.400002,94.599998,89.71524000000002,945700
1782,2014-12-09,2056.550049,2060.600098,2034.170044,2059.820068,2059.820068,3970150000,93.730003,94.470001,93.16999799999999,94.410004,89.535042,918500
1783,2014-12-10,2058.860107,2058.860107,2024.26001,2026.140015,2026.140015,4114440000,94.290001,94.57,92.370003,92.639999,87.856453,1654600
1784,2014-12-11,2027.920044,2055.530029,2027.920044,2035.329956,2035.329956,3917950000,93.16999799999999,93.959999,92.949997,93.410004,88.58669300000004,1469500
1785,2014-12-12,2030.359985,2032.25,2002.329956,2002.329956,2002.329956,4157650000,92.629997,93.360001,91.910004,92.0,87.249496,1233600
1786,2014-12-15,2005.030029,2018.689941,1982.26001,1989.630005,1989.630005,4361990000,92.550003,92.860001,90.959999,91.400002,86.680481,1421800
1787,2014-12-16,1986.709961,2016.890015,1972.560059,1972.73999,1972.73999,4958680000,91.110001,92.620003,90.760002,90.779999,86.092506,1352500
1788,2014-12-17,1973.77002,2016.75,1973.77002,2012.890015,2012.890015,4942370000,90.959999,93.019997,90.57,92.83000200000001,88.036644,1563300
1789,2014-12-18,2018.97998,2061.22998,2018.97998,2061.22998,2061.22998,4703380000,93.970001,95.849998,93.610001,95.83000200000001,90.881737,1727200
1790,2014-12-19,2061.040039,2077.850098,2061.030029,2070.649902,2070.649902,6465530000,96.129997,96.610001,94.510002,94.790001,89.895432,2610400
1791,2014-12-22,2069.280029,2078.76001,2069.280029,2078.540039,2078.540039,3369520000,94.809998,95.470001,94.639999,94.989998,90.08510600000001,1111100
1792,2014-12-23,2081.47998,2086.72998,2079.77002,2082.169922,2082.169922,3043950000,95.459999,98.239998,94.07,96.610001,91.621452,3601700
1793,2014-12-24,2083.25,2087.560059,2081.860107,2081.879883,2081.879883,1416980000,96.58000200000001,96.91999799999999,95.989998,96.0,91.042969,629100
1794,2014-12-26,2084.300049,2092.699951,2084.300049,2088.77002,2088.77002,1735230000,96.139999,96.370003,95.519997,95.639999,90.70153,583000
1795,2014-12-29,2087.629883,2093.550049,2085.75,2090.570068,2090.570068,2452360000,95.349998,95.57,94.790001,95.449997,90.84906,747800
1796,2014-12-30,2088.48999,2088.48999,2079.530029,2080.350098,2080.350098,2440280000,95.43,96.08000200000001,95.110001,95.559998,90.953766,679600
1797,2014-12-31,2082.110107,2085.580078,2057.939941,2058.899902,2058.899902,2606070000,95.980003,96.33000200000001,94.25,94.33000200000001,89.783073,888100
1798,2015-01-02,2058.899902,2072.360107,2046.040039,2058.199951,2058.199951,2708700000,94.699997,95.449997,93.129997,93.989998,89.45944200000002,1523700
1799,2015-01-05,2054.439941,2054.439941,2017.339966,2020.579956,2020.579956,3799120000,90.82,93.709999,90.82,92.540001,88.079353,1825500
1800,2015-01-06,2022.150024,2030.25,1992.439941,2002.609985,2002.609985,4460110000,92.720001,93.449997,91.57,92.410004,87.955635,1855000
1801,2015-01-07,2005.550049,2029.609985,2005.550049,2025.900024,2025.900024,3805480000,93.07,94.480003,92.949997,94.160004,89.621269,1145300
1802,2015-01-08,2030.609985,2064.080078,2030.609985,2062.139893,2062.139893,3934010000,95.029999,96.0,95.029999,95.760002,91.14413499999999,1368800
1803,2015-01-09,2063.449951,2064.429932,2038.329956,2044.810059,2044.810059,3364140000,95.449997,95.790001,94.440002,94.599998,90.04003900000002,760700
1804,2015-01-12,2046.130005,2049.300049,2022.579956,2028.26001,2028.26001,3456460000,94.900002,94.900002,93.860001,94.019997,89.488007,772000
1805,2015-01-13,2031.579956,2056.929932,2008.25,2023.030029,2023.030029,4107300000,94.660004,95.489998,93.33000200000001,94.220001,89.678368,1124500
1806,2015-01-14,2018.400024,2018.400024,1988.439941,2011.27002,2011.27002,4378680000,93.279999,93.379997,91.68,93.25,88.755112,1986100
1807,2015-01-15,2013.75,2021.349976,1991.469971,1992.670044,1992.670044,4276720000,93.559998,93.559998,91.440002,91.5,87.089485,1490600
1808,2015-01-16,1992.25,2020.459961,1988.119995,2019.420044,2019.420044,4056410000,91.08000200000001,92.550003,90.790001,92.449997,87.993675,1435500
1809,2015-01-20,2020.76001,2028.939941,2004.48999,2022.550049,2022.550049,3944340000,93.050003,93.220001,90.699997,91.66999799999999,87.251274,1894300
1810,2015-01-21,2020.189941,2038.290039,2012.040039,2032.119995,2032.119995,3730070000,91.349998,92.43,91.129997,92.110001,87.670059,1156600
1811,2015-01-22,2034.300049,2064.6201170000004,2026.380005,2063.149902,2063.149902,4176050000,92.449997,93.370003,91.75,93.370003,88.869324,1277400
1812,2015-01-23,2062.97998,2062.97998,2050.540039,2051.820068,2051.820068,3573560000,93.239998,93.709999,92.599998,92.699997,88.231636,960700
1813,2015-01-26,2050.419922,2057.6201170000004,2040.969971,2057.090088,2057.090088,3465760000,92.41999799999999,92.68,91.779999,92.550003,88.08886700000002,1082400
1814,2015-01-27,2047.859985,2047.859985,2019.910034,2029.550049,2029.550049,3329810000,91.730003,92.980003,91.339996,92.33000200000001,87.879463,1510800
1815,2015-01-28,2032.339966,2042.48999,2001.48999,2002.160034,2002.160034,4067530000,93.120003,95.050003,92.5,92.75,88.27922099999998,1944100
1816,2015-01-29,2002.449951,2024.640015,1989.180054,2021.25,2021.25,4127140000,92.589996,93.720001,91.449997,93.68,89.16439799999998,1300800
1817,2015-01-30,2019.349976,2023.319946,1993.380005,1994.98999,1994.98999,4568650000,92.610001,93.150002,90.940002,91.050003,86.661179,1303000
1818,2015-02-02,1996.670044,2021.660034,1980.900024,2020.849976,2020.849976,4008330000,91.349998,91.769997,89.83000200000002,91.760002,87.336937,1248600
1819,2015-02-03,2022.709961,2050.300049,2022.709961,2050.030029,2050.030029,4615900000,92.150002,92.790001,91.400002,92.739998,88.269707,1045800
1820,2015-02-04,2048.860107,2054.73999,2036.719971,2041.51001,2041.51001,4141920000,93.059998,93.510002,92.25,92.470001,88.012718,1557700
1821,2015-02-05,2043.449951,2063.550049,2043.449951,2062.52002,2062.52002,3821990000,93.089996,93.93,92.910004,93.66999799999999,89.154877,1259900
1822,2015-02-06,2062.280029,2072.399902,2049.969971,2055.469971,2055.469971,4232970000,93.599998,93.989998,92.41999799999999,92.709999,88.24115,1172200
1823,2015-02-09,2053.469971,2056.159912,2041.880005,2046.73999,2046.73999,3549540000,92.07,92.910004,91.459999,91.900002,87.470192,793800
1824,2015-02-10,2049.379883,2070.860107,2048.6201170000004,2068.590088,2068.590088,3669850000,92.5,93.18,92.139999,93.059998,88.57428,662100
1825,2015-02-11,2068.550049,2073.47998,2057.98999,2068.530029,2068.530029,3596860000,92.91999799999999,93.519997,92.349998,92.959999,88.47910300000002,838600
1826,2015-02-12,2069.97998,2088.530029,2069.97998,2088.47998,2088.47998,3788350000,93.449997,93.699997,92.889999,93.370003,88.869324,967100
1827,2015-02-13,2088.780029,2097.030029,2086.699951,2096.98999,2096.98999,3527450000,93.25,94.550003,93.08000200000001,94.510002,89.954391,1174900
1828,2015-02-17,2096.469971,2101.300049,2089.800049,2100.340088,2100.340088,3361750000,94.849998,95.199997,93.91999799999999,95.07,90.487373,1340500
1829,2015-02-18,2099.159912,2100.22998,2092.149902,2099.679932,2099.679932,3370020000,95.110001,95.309998,94.449997,95.25,90.65870699999999,1008200
1830,2015-02-19,2099.25,2102.129883,2090.790039,2097.449951,2097.449951,3247100000,95.099998,95.389999,94.309998,94.559998,90.001961,839100
1831,2015-02-20,2097.649902,2110.610107,2085.439941,2110.300049,2110.300049,3281600000,93.959999,95.33000200000001,93.75,95.25,90.65870699999999,1115700
1832,2015-02-23,2109.830078,2110.050049,2103.0,2109.659912,2109.659912,3093680000,95.25,95.800003,95.050003,95.599998,90.991837,875900
1833,2015-02-24,2109.100098,2117.939941,2105.8701170000004,2115.47998,2115.47998,3199840000,95.389999,95.699997,94.660004,94.879997,90.306549,1093800
1834,2015-02-25,2115.300049,2119.590088,2109.889893,2113.860107,2113.860107,3312340000,94.68,94.910004,94.279999,94.57,90.01149000000002,990400
1835,2015-02-26,2113.909912,2113.909912,2103.76001,2110.73999,2110.73999,3408690000,94.610001,94.860001,94.019997,94.400002,89.849693,998100
1836,2015-02-27,2110.879883,2112.73999,2103.75,2104.5,2104.5,3547380000,94.449997,95.25,94.349998,94.75,90.182816,1340000
1837,2015-03-02,2105.22998,2117.52002,2104.5,2117.389893,2117.389893,3409490000,94.75,96.18,94.75,96.010002,91.382072,1081400
1838,2015-03-03,2115.76001,2115.76001,2098.26001,2107.780029,2107.780029,3262300000,95.709999,95.83000200000001,92.239998,92.440002,87.984169,2993000
1839,2015-03-04,2107.719971,2107.719971,2094.48999,2098.530029,2098.530029,3421110000,92.349998,93.029999,91.550003,92.370003,87.917542,1569000
1840,2015-03-05,2098.540039,2104.25,2095.219971,2101.040039,2101.040039,3103030000,92.349998,93.129997,92.339996,92.989998,88.50766,1543500
1841,2015-03-06,2100.909912,2100.909912,2067.27002,2071.26001,2071.26001,3853570000,92.5,92.5,89.809998,90.07,85.728401,2129900
1842,2015-03-09,2072.25,2083.48999,2072.209961,2079.429932,2079.429932,3349090000,90.370003,91.150002,90.360001,91.019997,86.632607,1021800
1843,2015-03-10,2076.139893,2076.139893,2044.160034,2044.160034,2044.160034,3668900000,90.120003,90.860001,89.839996,90.300003,85.947304,1523400
1844,2015-03-11,2044.689941,2050.080078,2039.689941,2040.23999,2040.23999,3406570000,90.360001,90.959999,90.120003,90.459999,86.099602,1106900
1845,2015-03-12,2041.099976,2066.409912,2041.099976,2065.949951,2065.949951,3405860000,90.550003,92.040001,90.459999,91.949997,87.51778399999998,892100
1846,2015-03-13,2064.560059,2064.560059,2041.170044,2053.399902,2053.399902,3498560000,91.83000200000001,92.400002,90.709999,91.290001,86.889587,1254400
1847,2015-03-16,2055.350098,2081.409912,2055.350098,2081.189941,2081.189941,3295600000,91.839996,93.040001,91.839996,92.779999,88.30776999999998,1177100
1848,2015-03-17,2080.590088,2080.590088,2065.080078,2074.280029,2074.280029,3221840000,92.089996,92.440002,91.690002,91.889999,87.460686,1036200
1849,2015-03-18,2072.840088,2106.850098,2061.22998,2099.5,2099.5,4128210000,91.57,93.83000200000001,91.300003,93.110001,88.621872,1380900
1850,2015-03-19,2098.689941,2098.689941,2085.560059,2089.27002,2089.27002,3305220000,93.019997,93.760002,92.839996,93.57,89.05967700000002,945500
1851,2015-03-20,2090.320068,2113.919922,2090.320068,2108.100098,2108.100098,5554120000,94.040001,94.400002,93.440002,93.650002,89.135834,2101900
1852,2015-03-23,2107.98999,2114.860107,2104.419922,2104.419922,2104.419922,3267960000,93.489998,94.18,93.150002,93.709999,89.192932,918800
1853,2015-03-24,2103.939941,2107.629883,2091.5,2091.5,2091.5,3189820000,93.57,94.33000200000001,93.360001,93.41999799999999,88.916916,961100
1854,2015-03-25,2093.100098,2097.429932,2061.050049,2061.050049,2061.050049,3521140000,93.519997,94.239998,92.209999,92.290001,87.841415,1190200
1855,2015-03-26,2059.939941,2067.149902,2045.5,2056.149902,2056.149902,3510670000,91.900002,92.230003,91.290001,91.529999,87.11801899999998,1049700
1856,2015-03-27,2055.780029,2062.830078,2052.959961,2061.02002,2061.02002,3008550000,91.260002,92.730003,91.260002,92.559998,88.431694,1229700
1857,2015-03-30,2064.110107,2088.969971,2064.110107,2086.23999,2086.23999,2917690000,93.120003,93.860001,92.809998,93.550003,89.377548,1016600
1858,2015-03-31,2084.050049,2084.050049,2067.040039,2067.889893,2067.889893,3376550000,92.870003,93.58000200000001,92.25,92.25,88.135536,1199500
1859,2015-04-01,2067.629883,2067.629883,2048.379883,2059.689941,2059.689941,3543270000,92.459999,92.58000200000001,90.629997,91.18,87.113251,2005600
1860,2015-04-02,2060.030029,2072.169922,2057.320068,2066.959961,2066.959961,3095960000,90.220001,91.870003,90.190002,91.120003,87.055931,1042300
1861,2015-04-06,2064.8701170000004,2086.98999,2056.52002,2080.6201170000004,2080.6201170000004,3302970000,90.449997,92.18,90.360001,91.760002,87.667381,1152600
1862,2015-04-07,2080.790039,2089.810059,2076.100098,2076.330078,2076.330078,3065510000,91.940002,92.389999,91.459999,91.480003,87.399872,1038900
1863,2015-04-08,2076.939941,2086.689941,2073.300049,2081.899902,2081.899902,3265330000,91.68,92.339996,91.410004,92.019997,87.915779,1093100
1864,2015-04-09,2081.290039,2093.310059,2074.290039,2091.179932,2091.179932,3172360000,91.790001,93.110001,91.610001,93.07,88.918953,1379900
1865,2015-04-10,2091.51001,2102.610107,2091.51001,2102.060059,2102.060059,3156200000,92.91999799999999,94.059998,92.91999799999999,93.739998,89.559067,1101700
1866,2015-04-13,2102.030029,2107.649902,2092.330078,2092.429932,2092.429932,2908420000,93.360001,93.970001,92.949997,93.099998,88.947609,1334900
1867,2015-04-14,2092.280029,2098.6201170000004,2083.23999,2095.840088,2095.840088,3301270000,92.900002,93.279999,91.900002,92.540001,88.412598,1478100
1868,2015-04-15,2097.820068,2111.909912,2097.820068,2106.629883,2106.629883,4013760000,92.58000200000001,92.970001,92.099998,92.290001,88.173744,752100
1869,2015-04-16,2105.959961,2111.300049,2100.02002,2104.98999,2104.98999,3434120000,92.150002,92.389999,91.779999,92.18,88.068665,877000
1870,2015-04-17,2102.580078,2102.580078,2072.3701170000004,2081.179932,2081.179932,3627600000,91.540001,92.790001,91.16999799999999,92.5,88.374382,2041600
1871,2015-04-20,2084.110107,2103.939941,2084.110107,2100.399902,2100.399902,3000160000,93.0,93.540001,92.730003,93.349998,89.18647,1343000
1872,2015-04-21,2102.820068,2109.639893,2094.379883,2097.290039,2097.290039,3243410000,94.0,94.809998,93.730003,94.709999,90.485802,1959400
1873,2015-04-22,2098.27002,2109.97998,2091.050049,2107.959961,2107.959961,3348480000,95.0,97.300003,95.0,96.449997,92.148209,2463600
1874,2015-04-23,2107.209961,2120.48999,2103.189941,2112.929932,2112.929932,3636670000,96.449997,97.41999799999999,96.199997,97.18,92.845642,1620100
1875,2015-04-24,2112.800049,2120.919922,2112.800049,2117.689941,2117.689941,3375780000,96.769997,97.160004,96.470001,96.900002,92.578125,1284500
1876,2015-04-27,2119.290039,2125.919922,2107.040039,2108.919922,2108.919922,3438750000,97.440002,97.440002,94.5,94.629997,90.409386,1840500
1877,2015-04-28,2108.350098,2116.040039,2094.889893,2114.76001,2114.76001,3546270000,94.620003,95.410004,93.550003,95.099998,90.858406,1619100
1878,2015-04-29,2112.48999,2113.649902,2097.409912,2106.850098,2106.850098,4074970000,94.949997,94.949997,93.18,94.32,90.11319,1260000
1879,2015-04-30,2105.52002,2105.52002,2077.590088,2085.51001,2085.51001,4509680000,93.599998,93.989998,91.779999,92.239998,88.125984,1923500
1880,2015-05-01,2087.379883,2108.409912,2087.379883,2108.290039,2108.290039,3379390000,92.809998,93.449997,92.480003,93.400002,89.23425300000002,1275700
1881,2015-05-04,2110.22998,2120.949951,2110.22998,2114.48999,2114.48999,3091580000,93.650002,94.150002,93.459999,93.629997,89.453979,1044600
1882,2015-05-05,2112.629883,2115.23999,2088.459961,2089.459961,2089.459961,3793950000,93.209999,93.550003,92.470001,92.900002,88.756538,1028700
1883,2015-05-06,2091.26001,2098.419922,2067.929932,2080.149902,2080.149902,3792210000,93.370003,93.470001,92.129997,92.559998,88.431694,984900
1884,2015-05-07,2079.959961,2092.899902,2074.98999,2088.0,2088.0,3676640000,92.370003,93.279999,92.370003,92.610001,88.47949200000002,801500
1885,2015-05-08,2092.129883,2117.659912,2092.129883,2116.100098,2116.100098,3399440000,93.769997,94.800003,93.489998,94.559998,90.342506,1258400
1886,2015-05-11,2115.560059,2117.689941,2104.580078,2105.330078,2105.330078,2992670000,94.589996,94.879997,94.199997,94.360001,90.151421,741500
1887,2015-05-12,2102.8701170000004,2105.060059,2085.570068,2099.1201170000004,2099.1201170000004,3139520000,93.980003,94.139999,93.040001,93.08000200000001,88.92851999999998,1098300
1888,2015-05-13,2099.6201170000004,2110.189941,2096.040039,2098.47998,2098.47998,3374260000,93.150002,93.809998,92.709999,92.910004,88.76609,821400
1889,2015-05-14,2100.429932,2121.449951,2100.429932,2121.100098,2121.100098,3225740000,93.660004,95.339996,93.339996,95.260002,91.011292,1319700
1890,2015-05-15,2122.070068,2123.889893,2116.810059,2122.72998,2122.72998,3092080000,95.230003,95.68,95.0,95.510002,91.250137,1260900
1891,2015-05-18,2121.300049,2131.780029,2120.01001,2129.199951,2129.199951,2888190000,95.690002,96.889999,95.529999,96.589996,92.28196,995700
1892,2015-05-19,2129.449951,2133.02002,2124.5,2127.830078,2127.830078,3296030000,96.480003,96.959999,96.160004,96.68,92.36794300000001,1025800
1893,2015-05-20,2127.790039,2134.719971,2122.590088,2125.850098,2125.850098,3025880000,96.66999799999999,97.57,96.66999799999999,96.779999,92.46347,983800
1894,2015-05-21,2125.550049,2134.280029,2122.949951,2130.820068,2130.820068,3070460000,96.650002,96.839996,96.129997,96.400002,92.100433,744300
1895,2015-05-22,2130.360107,2132.149902,2126.060059,2126.060059,2126.060059,2571860000,96.190002,96.709999,95.790001,96.440002,92.138649,1267900
1896,2015-05-26,2125.340088,2125.340088,2099.179932,2104.199951,2104.199951,3342130000,96.370003,96.370003,95.300003,95.529999,91.269234,1164400
1897,2015-05-27,2105.129883,2126.219971,2105.129883,2123.47998,2123.47998,3127960000,96.0,96.790001,95.550003,96.589996,92.28196,889500
1898,2015-05-28,2122.27002,2122.27002,2112.860107,2120.790039,2120.790039,2980350000,96.459999,96.940002,95.83000200000001,96.239998,91.947571,862600
1899,2015-05-29,2120.659912,2120.659912,2104.889893,2107.389893,2107.389893,3927390000,96.150002,97.120003,95.730003,96.129997,91.84246800000001,1321600
1900,2015-06-01,2108.639893,2119.149902,2102.540039,2111.72998,2111.72998,3011710000,96.66999799999999,96.839996,95.440002,96.120003,91.832916,831400
1901,2015-06-02,2110.409912,2117.590088,2099.139893,2109.600098,2109.600098,3049350000,95.75,96.639999,95.139999,96.110001,91.82337199999999,771700
1902,2015-06-03,2110.639893,2121.919922,2109.610107,2114.070068,2114.070068,3099980000,96.449997,96.449997,95.610001,96.040001,91.756493,605000
1903,2015-06-04,2112.350098,2112.889893,2093.22998,2095.840088,2095.840088,3200050000,95.769997,95.970001,94.730003,95.040001,90.80109399999999,968000
1904,2015-06-05,2095.090088,2100.98999,2085.669922,2092.830078,2092.830078,3243690000,95.040001,95.379997,94.489998,95.199997,90.953941,783000
1905,2015-06-08,2092.340088,2093.01001,2079.110107,2079.280029,2079.280029,2917150000,94.959999,95.459999,94.599998,94.620003,90.399826,610600
1906,2015-06-09,2079.070068,2085.6201170000004,2072.139893,2080.149902,2080.149902,3034580000,94.470001,94.739998,93.949997,94.160004,89.96035,757100
1907,2015-06-10,2081.1201170000004,2108.5,2081.1201170000004,2105.199951,2105.199951,3414320000,94.5,96.110001,94.160004,96.010002,91.727829,1194400
1908,2015-06-11,2106.23999,2115.02002,2106.23999,2108.860107,2108.860107,3128600000,96.120003,96.849998,95.870003,96.540001,92.234184,798500
1909,2015-06-12,2107.429932,2107.429932,2091.330078,2094.110107,2094.110107,2719400000,96.110001,96.489998,95.529999,95.66999799999999,91.402992,629200
1910,2015-06-15,2091.340088,2091.340088,2072.48999,2084.429932,2084.429932,3061570000,95.050003,95.16999799999999,93.900002,94.66999799999999,90.447571,1187600
1911,2015-06-16,2084.26001,2097.399902,2082.100098,2096.290039,2096.290039,2919900000,94.57,95.309998,94.370003,95.160004,90.915741,719900
1912,2015-06-17,2097.399902,2106.790039,2088.860107,2100.439941,2100.439941,3222240000,95.339996,95.5,94.57,95.099998,90.858406,686100
1913,2015-06-18,2101.580078,2126.649902,2101.580078,2121.23999,2121.23999,3520360000,95.410004,97.33000200000001,95.370003,97.150002,92.816971,1081600
1914,2015-06-19,2121.060059,2121.639893,2109.449951,2109.98999,2109.98999,4449810000,97.059998,97.300003,96.709999,96.879997,92.55902900000001,1135400
1915,2015-06-22,2112.5,2129.8701170000004,2112.5,2122.850098,2122.850098,3030020000,97.5,97.900002,97.230003,97.400002,93.055832,604700
1916,2015-06-23,2123.159912,2128.030029,2119.889893,2124.199951,2124.199951,3091190000,97.300003,97.66999799999999,96.480003,96.620003,92.31061600000001,957900
1917,2015-06-24,2123.649902,2125.100098,2108.580078,2108.580078,2108.580078,3102480000,96.410004,97.269997,96.129997,96.720001,92.406166,1393500
1918,2015-06-25,2109.959961,2116.040039,2101.780029,2102.310059,2102.310059,3214610000,96.889999,97.18,96.290001,96.449997,92.148209,860000
1919,2015-06-26,2102.6201170000004,2108.919922,2095.379883,2101.48999,2101.48999,5025470000,96.480003,97.940002,96.309998,97.339996,93.33234399999999,1492800
1920,2015-06-29,2098.629883,2098.629883,2056.639893,2057.639893,2057.639893,3678960000,96.660004,97.33000200000001,95.279999,95.360001,91.433891,1153400
1921,2015-06-30,2061.189941,2074.280029,2056.320068,2063.110107,2063.110107,4078540000,96.300003,96.480003,95.349998,95.57,91.635239,980800
1922,2015-07-01,2067.0,2082.780029,2067.0,2077.419922,2077.419922,3727260000,96.230003,96.43,95.440002,96.07,92.114632,782800
1923,2015-07-02,2078.030029,2085.060059,2071.02002,2076.780029,2076.780029,2996540000,96.25,96.290001,95.25,95.760002,91.817406,641300
1924,2015-07-06,2073.949951,2078.610107,2058.399902,2068.76001,2068.76001,3486360000,94.91999799999999,96.050003,94.769997,95.989998,92.037933,852200
1925,2015-07-07,2069.52002,2083.73999,2044.02002,2081.340088,2081.340088,4458660000,96.379997,96.989998,95.050003,96.900002,92.91046899999999,1012100
1926,2015-07-08,2077.659912,2077.659912,2044.660034,2046.680054,2046.680054,3608780000,96.449997,96.519997,95.400002,95.41999799999999,91.491417,907000
1927,2015-07-09,2049.72998,2074.280029,2049.72998,2051.310059,2051.310059,3446810000,96.75,96.870003,95.639999,95.660004,91.721535,949300
1928,2015-07-10,2052.73999,2081.310059,2052.73999,2076.6201170000004,2076.6201170000004,3065070000,96.699997,96.910004,95.809998,96.370003,92.40229000000001,1193600
1929,2015-07-13,2080.030029,2100.669922,2080.030029,2099.600098,2099.600098,3096730000,97.0,97.690002,96.910004,97.629997,93.610428,745500
1930,2015-07-14,2099.719971,2111.97998,2098.179932,2108.949951,2108.949951,3002120000,97.769997,98.5,97.449997,98.260002,94.214478,783900
1931,2015-07-15,2109.01001,2114.139893,2102.48999,2107.399902,2107.399902,3261810000,98.279999,98.300003,97.440002,97.510002,93.495354,1064700
1932,2015-07-16,2110.550049,2124.419922,2110.550049,2124.290039,2124.290039,3227080000,98.290001,98.33000200000001,97.400002,98.16999799999999,94.128174,1110000
1933,2015-07-17,2126.800049,2128.909912,2119.879883,2126.639893,2126.639893,3362750000,97.870003,98.239998,97.459999,98.209999,94.166557,867300
1934,2015-07-20,2126.850098,2132.820068,2123.659912,2128.280029,2128.280029,3245870000,98.269997,98.660004,98.050003,98.379997,94.329544,625400
1935,2015-07-21,2127.550049,2128.48999,2115.399902,2119.209961,2119.209961,3343690000,98.459999,99.239998,98.220001,99.059998,94.981537,1220900
1936,2015-07-22,2118.209961,2118.51001,2110.0,2114.149902,2114.149902,3694070000,98.889999,99.209999,98.07,98.540001,94.482956,1348400
1937,2015-07-23,2114.159912,2116.8701170000004,2098.629883,2102.149902,2102.149902,3772810000,98.959999,98.959999,98.010002,98.25,94.204895,1612100
1938,2015-07-24,2102.23999,2106.01001,2077.090088,2079.649902,2079.649902,3870040000,100.050003,103.989998,99.83000200000001,100.970001,96.81291999999999,3012400
1939,2015-07-27,2078.189941,2078.189941,2063.52002,2067.639893,2067.639893,3836750000,100.839996,101.190002,99.690002,100.019997,95.902,2172900
1940,2015-07-28,2070.75,2095.600098,2069.090088,2093.25,2093.25,4117740000,100.57,101.75,99.980003,101.610001,97.426559,1113900
1941,2015-07-29,2094.699951,2110.600098,2094.080078,2108.570068,2108.570068,4038900000,102.059998,102.300003,101.370003,101.980003,97.781311,1222800
1942,2015-07-30,2106.780029,2110.47998,2094.969971,2108.629883,2108.629883,3579410000,101.82,102.019997,101.309998,101.839996,97.647095,673000
1943,2015-07-31,2111.600098,2114.23999,2102.070068,2103.840088,2103.840088,3681340000,101.91999799999999,102.800003,101.589996,102.269997,98.05938,1242800
1944,2015-08-03,2104.48999,2105.699951,2087.310059,2098.040039,2098.040039,3476770000,102.309998,102.699997,100.93,101.510002,97.330688,970900
1945,2015-08-04,2097.679932,2102.51001,2088.600098,2093.320068,2093.320068,3546710000,101.809998,102.41999799999999,101.269997,101.480003,97.301903,913600
1946,2015-08-05,2095.27002,2112.659912,2095.27002,2099.840088,2099.840088,3968680000,102.239998,103.360001,102.0,103.120003,98.87439,1440700
1947,2015-08-06,2100.75,2103.320068,2075.530029,2083.560059,2083.560059,4246570000,102.970001,103.480003,101.029999,101.32,97.148499,1159400
1948,2015-08-07,2082.610107,2082.610107,2067.909912,2077.570068,2077.570068,3602320000,101.32,101.400002,99.879997,100.940002,96.784134,1092500
1949,2015-08-10,2080.97998,2105.350098,2080.97998,2104.179932,2104.179932,3514460000,101.720001,102.5,101.529999,102.190002,97.982674,722500
1950,2015-08-11,2102.659912,2102.659912,2076.48999,2084.070068,2084.070068,3708880000,101.300003,101.949997,100.800003,101.82,97.627922,1114300
1951,2015-08-12,2081.100098,2089.060059,2052.090088,2086.050049,2086.050049,4269130000,101.879997,103.309998,100.949997,103.129997,98.883957,1934400
1952,2015-08-13,2086.189941,2092.929932,2078.26001,2083.389893,2083.389893,3221300000,102.900002,103.839996,102.209999,102.970001,98.730568,1533900
1953,2015-08-14,2083.149902,2092.449951,2080.610107,2091.540039,2091.540039,2795590000,102.82,103.739998,102.660004,103.639999,99.372978,831300
1954,2015-08-17,2089.699951,2102.8701170000004,2079.300049,2102.439941,2102.439941,2867690000,103.269997,104.239998,102.599998,104.139999,99.852386,786700
1955,2015-08-18,2101.98999,2103.469971,2094.139893,2096.919922,2096.919922,2949990000,103.93,104.449997,103.730003,104.309998,100.015381,684900
1956,2015-08-19,2095.689941,2096.169922,2070.530029,2079.610107,2079.610107,3512920000,103.879997,105.339996,102.949997,104.529999,100.226334,1163600
1957,2015-08-20,2076.610107,2076.610107,2035.72998,2035.72998,2035.72998,3922470000,103.550003,103.91999799999999,102.5,102.519997,98.299088,1027000
1958,2015-08-21,2034.079956,2034.079956,1970.890015,1970.890015,1970.890015,5018240000,101.610001,101.790001,99.339996,99.370003,95.278778,1783600
1959,2015-08-24,1965.150024,1965.150024,1867.01001,1893.209961,1893.209961,6612690000,95.139999,96.43,91.809998,95.610001,91.67358399999999,2560800
1960,2015-08-25,1898.079956,1948.040039,1867.079956,1867.609985,1867.609985,5183560000,98.349998,98.43,95.389999,95.489998,91.55851700000001,2489400
1961,2015-08-26,1872.75,1943.089966,1872.75,1940.51001,1940.51001,5338250000,97.790001,98.839996,95.660004,98.809998,94.741821,2182700
1962,2015-08-27,1942.77002,1989.599976,1942.77002,1987.660034,1987.660034,5006390000,100.099998,101.300003,99.459999,101.08000200000001,96.91838800000001,2286700
1963,2015-08-28,1986.060059,1993.47998,1975.189941,1988.869995,1988.869995,3949080000,100.33000200000001,100.800003,99.089996,99.690002,95.58560899999999,2478300
1964,2015-08-31,1986.72998,1986.72998,1965.97998,1972.180054,1972.180054,3915100000,99.480003,100.349998,98.400002,98.650002,94.588425,1810000
1965,2015-09-01,1970.089966,1970.089966,1903.069946,1913.849976,1913.849976,4371850000,96.489998,97.129997,94.839996,95.459999,91.529762,2028700
1966,2015-09-02,1916.52002,1948.910034,1916.52002,1948.859985,1948.859985,3742620000,96.660004,97.029999,95.610001,96.900002,92.91046899999999,1430700
1967,2015-09-03,1950.790039,1975.01001,1944.719971,1951.130005,1951.130005,3520700000,97.5,97.870003,96.389999,96.68,92.69953199999999,1661000
1968,2015-09-04,1947.76001,1947.76001,1911.209961,1921.219971,1921.219971,3167090000,95.709999,96.260002,94.519997,95.339996,91.41469599999999,1444000
1969,2015-09-08,1927.300049,1970.420044,1927.300049,1969.410034,1969.410034,3548650000,96.839996,98.629997,96.839996,98.57,94.511703,1893100
1970,2015-09-09,1971.449951,1988.630005,1937.880005,1942.040039,1942.040039,3652120000,99.440002,99.519997,97.08000200000001,97.290001,93.28441600000001,1605700
1971,2015-09-10,1941.589966,1965.290039,1937.189941,1952.290039,1952.290039,3626320000,97.269997,98.889999,96.949997,98.300003,94.25284599999999,1735700
1972,2015-09-11,1951.449951,1961.050049,1939.189941,1961.050049,1961.050049,3218590000,97.83000200000001,99.760002,97.58000200000001,99.650002,95.547264,2048900
1973,2015-09-14,1963.060059,1963.060059,1948.27002,1953.030029,1953.030029,3000200000,99.650002,99.949997,98.360001,98.760002,94.69388599999999,1159000
1974,2015-09-15,1955.099976,1983.189941,1954.300049,1978.089966,1978.089966,3239860000,98.980003,100.120003,98.760002,99.849998,95.739006,944500
1975,2015-09-16,1978.02002,1997.26001,1977.930054,1995.310059,1995.310059,3630680000,99.66999799999999,100.849998,99.559998,100.599998,96.458115,1218200
1976,2015-09-17,1995.329956,2020.859985,1986.72998,1990.199951,1990.199951,4183790000,100.589996,102.220001,100.18,100.559998,96.419777,1683900
1977,2015-09-18,1989.660034,1989.660034,1953.449951,1958.030029,1958.030029,6021240000,99.529999,100.160004,99.050003,99.220001,95.134956,4110000
1978,2015-09-21,1960.839966,1979.640015,1955.800049,1966.969971,1966.969971,3269350000,100.019997,100.699997,98.809998,99.610001,95.508904,1229300
1979,2015-09-22,1961.390015,1961.390015,1929.219971,1942.73999,1942.73999,3808260000,98.410004,98.900002,97.720001,98.559998,94.50212900000001,1295000
1980,2015-09-23,1943.23999,1949.52002,1932.569946,1938.76001,1938.76001,3190530000,98.25,98.879997,97.860001,98.589996,94.530891,1332100
1981,2015-09-24,1934.810059,1937.170044,1908.920044,1932.23999,1932.23999,4091530000,97.959999,98.400002,97.400002,98.220001,94.176132,1714200
1982,2015-09-25,1935.930054,1952.890015,1921.5,1931.339966,1931.339966,3721870000,98.970001,99.449997,96.300003,96.900002,92.91046899999999,1564500
1983,2015-09-28,1929.180054,1929.180054,1879.209961,1881.77002,1881.77002,4326660000,95.459999,96.010002,91.730003,92.400002,88.9123,2584800
1984,2015-09-29,1881.900024,1899.47998,1871.910034,1884.089966,1884.089966,4132390000,92.889999,94.160004,92.440002,93.230003,89.710983,1653300
1985,2015-09-30,1887.140015,1920.530029,1887.140015,1920.030029,1920.030029,4525070000,94.290001,94.849998,92.870003,94.099998,90.54813399999999,1684300
1986,2015-10-01,1919.650024,1927.209961,1900.699951,1923.819946,1923.819946,3983600000,94.5,94.970001,93.650002,94.910004,91.32755300000001,1785600
1987,2015-10-02,1921.77002,1951.359985,1893.699951,1951.359985,1951.359985,4378570000,94.120003,96.459999,93.529999,96.459999,92.819069,1593000
1988,2015-10-05,1954.329956,1989.170044,1954.329956,1987.050049,1987.050049,4334490000,95.889999,97.41999799999999,95.889999,96.889999,93.232826,1457100
1989,2015-10-06,1986.630005,1991.619995,1971.98999,1979.920044,1979.920044,4202400000,96.629997,96.779999,94.25,94.91999799999999,91.33719599999999,1477900
1990,2015-10-07,1982.339966,1999.310059,1976.439941,1995.829956,1995.829956,4666470000,95.339996,96.029999,94.5,96.0,92.376419,1038100
1991,2015-10-08,1994.01001,2016.5,1987.530029,2013.430054,2013.430054,3939140000,95.82,97.360001,95.449997,97.349998,93.675461,1301600
1992,2015-10-09,2013.72998,2020.130005,2007.609985,2014.890015,2014.890015,3706900000,97.18,98.459999,96.900002,97.75,94.06037099999999,1459600
1993,2015-10-12,2015.650024,2018.660034,2010.550049,2017.459961,2017.459961,2893250000,97.510002,98.739998,97.379997,98.510002,94.79169499999999,792000
1994,2015-10-13,2015.0,2022.339966,2001.780029,2003.689941,2003.689941,3401920000,98.25,99.050003,97.440002,97.57,93.88717700000001,876000
1995,2015-10-14,2003.660034,2009.560059,1990.72998,1994.23999,1994.23999,3644590000,97.599998,98.379997,96.68,96.900002,93.242455,1267200
1996,2015-10-15,1996.469971,2024.150024,1996.469971,2023.859985,2023.859985,3746290000,97.400002,98.760002,96.529999,98.690002,94.96489,1226000
1997,2015-10-16,2024.369995,2033.540039,2020.459961,2033.109985,2033.109985,3595430000,99.309998,100.059998,98.300003,100.029999,96.254311,1248800
1998,2015-10-19,2031.72998,2034.449951,2022.310059,2033.660034,2033.660034,3287320000,99.620003,100.510002,99.32,100.459999,96.668068,927900
1999,2015-10-20,2033.130005,2039.119995,2026.609985,2030.77002,2030.77002,3331500000,100.129997,100.43,98.900002,99.209999,95.46525600000001,1117000
2000,2015-10-21,2033.469971,2037.969971,2017.219971,2018.939941,2018.939941,3627790000,99.720001,99.970001,98.559998,99.790001,96.023361,2038700
2001,2015-10-22,2021.880005,2055.199951,2021.880005,2052.51001,2052.51001,4430850000,100.16999799999999,100.190002,98.110001,98.529999,94.810921,2432000
2002,2015-10-23,2058.189941,2079.73999,2058.189941,2075.149902,2075.149902,4108460000,98.040001,98.360001,94.029999,94.440002,90.87532,4007200
2003,2015-10-26,2075.080078,2075.139893,2066.530029,2071.179932,2071.179932,3385800000,94.360001,94.760002,93.559998,93.900002,90.35569,2325000
2004,2015-10-27,2068.75,2070.3701170000004,2058.840088,2065.889893,2065.889893,4216880000,93.900002,94.779999,92.91999799999999,93.839996,90.297943,1794300
2005,2015-10-28,2066.47998,2090.350098,2063.110107,2090.350098,2090.350098,4698110000,93.839996,95.849998,93.059998,95.769997,92.155106,1735100
2006,2015-10-29,2088.350098,2092.52002,2082.629883,2089.409912,2089.409912,4008940000,95.400002,96.690002,95.360001,95.849998,92.232079,1119800
2007,2015-10-30,2090.0,2094.320068,2079.340088,2079.360107,2079.360107,4256200000,96.07,96.400002,95.470001,95.620003,92.010757,1371500
2008,2015-11-02,2080.76001,2106.199951,2080.76001,2104.050049,2104.050049,3760020000,95.83000200000001,96.910004,95.730003,96.709999,93.05963100000001,1152500
2009,2015-11-03,2102.629883,2116.47998,2097.51001,2109.790039,2109.790039,4272060000,96.629997,97.110001,95.860001,96.800003,93.14621700000001,987000
2010,2015-11-04,2110.600098,2114.590088,2096.97998,2102.310059,2102.310059,4078870000,96.800003,97.839996,96.66999799999999,97.5,93.81980899999999,1438900
2011,2015-11-05,2101.679932,2108.780029,2090.409912,2099.929932,2099.929932,4051890000,97.519997,97.779999,96.68,97.589996,93.906403,1619000
2012,2015-11-06,2098.600098,2101.909912,2083.73999,2099.199951,2099.199951,4369020000,97.190002,97.610001,96.43,97.599998,93.916039,1286100
2013,2015-11-09,2096.560059,2096.560059,2068.23999,2078.580078,2078.580078,3882350000,97.25,97.589996,96.300003,96.809998,93.155846,1049100
2014,2015-11-10,2077.189941,2083.669922,2069.909912,2081.719971,2081.719971,3821440000,96.769997,97.709999,96.769997,97.599998,93.916039,866300
2015,2015-11-11,2083.409912,2086.939941,2074.850098,2075.0,2075.0,3692410000,97.790001,98.25,97.370003,97.629997,93.94489300000001,1052800
2016,2015-11-12,2072.290039,2072.290039,2045.660034,2045.969971,2045.969971,4016370000,96.480003,97.059998,95.58000200000001,95.610001,92.00116,2023400
2017,2015-11-13,2044.640015,2044.640015,2022.02002,2023.040039,2023.040039,4278750000,95.150002,96.41999799999999,95.150002,95.629997,92.02037800000001,1372300
2018,2015-11-16,2022.079956,2053.219971,2019.390015,2053.189941,2053.189941,3741240000,95.589996,96.699997,95.190002,96.660004,93.011513,1037000
2019,2015-11-17,2053.669922,2066.689941,2045.900024,2050.439941,2050.439941,4427350000,96.709999,97.239998,96.339996,96.610001,92.963387,1585800
2020,2015-11-18,2051.98999,2085.310059,2051.98999,2083.580078,2083.580078,3926390000,96.809998,97.220001,96.449997,97.010002,93.34830500000001,1595500
2021,2015-11-19,2083.699951,2086.73999,2078.76001,2081.23999,2081.23999,3628110000,96.809998,96.989998,95.360001,95.410004,91.808693,1515200
2022,2015-11-20,2082.820068,2097.060059,2082.820068,2089.169922,2089.169922,3929600000,95.980003,97.160004,95.57,96.480003,92.838303,1782200
2023,2015-11-23,2089.409912,2095.610107,2081.389893,2086.590088,2086.590088,3587980000,96.540001,97.160004,95.879997,96.08000200000001,92.453407,1707300
2024,2015-11-24,2084.419922,2094.1201170000004,2070.290039,2089.139893,2089.139893,3884930000,95.389999,96.690002,95.099998,96.610001,92.963387,1363100
2025,2015-11-25,2089.300049,2093.0,2086.300049,2088.8701170000004,2088.8701170000004,2852940000,96.610001,97.639999,96.239998,97.220001,93.550377,993900
2026,2015-11-27,2088.820068,2093.290039,2084.129883,2090.110107,2090.110107,1466840000,97.559998,98.33000200000001,97.16999799999999,98.089996,94.38752,775400
2027,2015-11-30,2090.949951,2093.810059,2080.409912,2080.409912,2080.409912,4275030000,98.379997,98.779999,96.459999,96.459999,92.819069,4376200
2028,2015-12-01,2082.929932,2103.3701170000004,2082.929932,2102.629883,2102.629883,3712120000,97.339996,97.860001,96.459999,96.790001,93.136604,1476300
2029,2015-12-02,2101.709961,2104.27002,2077.110107,2079.51001,2079.51001,3950640000,96.949997,97.16999799999999,96.110001,96.260002,92.62661,1221900
2030,2015-12-03,2080.709961,2085.0,2042.349976,2049.6201170000004,2049.6201170000004,4306490000,96.260002,96.559998,92.43,92.58000200000001,89.08551,2564300
2031,2015-12-04,2051.23999,2093.840088,2051.23999,2091.689941,2091.689941,4214910000,92.849998,94.379997,92.66999799999999,94.339996,90.779083,1388100
2032,2015-12-07,2090.419922,2090.419922,2066.780029,2077.070068,2077.070068,4043820000,94.370003,94.790001,93.550003,94.139999,90.586617,1009000
2033,2015-12-08,2073.389893,2073.850098,2052.320068,2063.590088,2063.590088,4173570000,93.68,93.940002,93.010002,93.519997,89.990036,1045000
2034,2015-12-09,2061.169922,2080.330078,2036.530029,2047.619995,2047.619995,4385250000,93.040001,93.93,92.160004,92.32,88.835327,1722500
2035,2015-12-10,2047.930054,2067.649902,2045.670044,2052.22998,2052.22998,3715150000,92.379997,93.620003,92.370003,92.93,89.42231,937000
2036,2015-12-11,2047.27002,2047.27002,2008.800049,2012.369995,2012.369995,4301060000,92.010002,92.639999,91.559998,92.199997,88.71985600000002,1325100
2037,2015-12-14,2013.369995,2022.920044,1993.26001,2021.939941,2021.939941,4612440000,90.300003,92.0,90.300003,91.410004,87.959671,1994800
2038,2015-12-15,2025.550049,2053.8701170000004,2025.550049,2043.410034,2043.410034,4353540000,92.129997,92.989998,91.660004,92.440002,88.950806,1707500
2039,2015-12-16,2046.5,2076.719971,2042.430054,2073.070068,2073.070068,4635450000,93.059998,94.120003,92.5,93.93,90.38456,1534700
2040,2015-12-17,2073.76001,2076.3701170000004,2041.660034,2041.890015,2041.890015,4327390000,93.91999799999999,94.260002,92.699997,92.709999,89.210594,1735500
2041,2015-12-18,2040.810059,2040.810059,2005.329956,2005.550049,2005.550049,6683070000,92.239998,92.290001,91.260002,91.260002,87.815331,2083900
2042,2015-12-21,2010.27002,2022.900024,2005.930054,2021.150024,2021.150024,3760280000,91.66999799999999,92.290001,90.839996,91.41999799999999,87.96929200000002,1192900
2043,2015-12-22,2023.150024,2042.73999,2020.48999,2038.969971,2038.969971,3520860000,91.940002,92.870003,91.120003,92.730003,89.229843,950900
2044,2015-12-23,2042.199951,2064.72998,2042.199951,2064.290039,2064.290039,3484090000,93.269997,94.190002,92.860001,94.120003,90.567398,956600
2045,2015-12-24,2063.52002,2067.360107,2058.72998,2060.98999,2060.98999,1411860000,94.07,94.879997,94.0,94.360001,90.798309,466400
2046,2015-12-28,2057.77002,2057.77002,2044.199951,2056.5,2056.5,2492510000,93.849998,94.220001,93.639999,93.949997,90.40379300000001,860900
2047,2015-12-29,2060.540039,2081.560059,2060.540039,2078.360107,2078.360107,2542000000,94.349998,95.18,93.720001,94.809998,91.601837,926100
2048,2015-12-30,2077.340088,2077.340088,2061.969971,2063.360107,2063.360107,2367430000,94.720001,95.110001,94.07,94.25,91.060799,1226100
2049,2015-12-31,2060.590088,2062.540039,2043.619995,2043.939941,2043.939941,2655330000,93.629997,93.940002,92.91999799999999,92.940002,89.795128,912900
2050,2016-01-04,2038.199951,2038.199951,1989.680054,2012.660034,2012.660034,4304880000,91.470001,91.540001,89.559998,90.019997,86.973923,2089900
2051,2016-01-05,2013.780029,2021.939941,2004.170044,2016.709961,2016.709961,3706620000,90.120003,91.019997,89.980003,90.889999,87.814476,1533500
2052,2016-01-06,2011.709961,2011.709961,1979.050049,1990.26001,1990.26001,4336660000,89.690002,91.110001,89.690002,90.75,87.679222,2083800
2053,2016-01-07,1985.319946,1985.319946,1938.829956,1943.089966,1943.089966,5076590000,89.529999,90.08000200000001,88.010002,88.440002,85.447395,2030000
2054,2016-01-08,1945.969971,1960.400024,1918.459961,1922.030029,1922.030029,4664940000,89.0,89.699997,87.68,87.889999,84.915993,1577100
2055,2016-01-11,1926.119995,1935.650024,1901.099976,1923.670044,1923.670044,4607290000,88.150002,88.470001,86.68,87.529999,84.568176,1759000
2056,2016-01-12,1927.829956,1947.380005,1914.349976,1938.680054,1938.680054,4887260000,88.029999,89.099998,87.639999,88.730003,85.72758499999998,1536400
2057,2016-01-13,1940.339966,1950.329956,1886.410034,1890.280029,1890.280029,5087030000,89.57,91.75,88.800003,89.309998,86.28795600000002,3088700
2058,2016-01-14,1891.680054,1934.469971,1878.930054,1921.839966,1921.839966,5241110000,89.489998,91.519997,89.339996,90.91999799999999,87.843475,1982800
2059,2016-01-15,1916.680054,1916.680054,1857.829956,1880.329956,1880.329956,5468460000,89.150002,91.290001,88.730003,91.110001,88.027054,2818300
2060,2016-01-19,1888.660034,1901.439941,1864.599976,1881.329956,1881.329956,4928350000,91.959999,92.760002,90.57,91.559998,88.461815,2683900
2061,2016-01-20,1876.180054,1876.180054,1812.290039,1859.329956,1859.329956,6416070000,90.410004,91.720001,88.57,91.0,87.92076899999998,1968100
2062,2016-01-21,1861.459961,1889.849976,1848.97998,1868.98999,1868.98999,5078810000,91.43,92.260002,90.300003,91.889999,88.780647,2072100
2063,2016-01-22,1877.400024,1908.849976,1877.400024,1906.900024,1906.900024,4901760000,92.589996,93.949997,92.43,93.910004,90.73230699999999,1731100
2064,2016-01-25,1906.280029,1906.280029,1875.969971,1877.079956,1877.079956,4401380000,93.769997,95.019997,93.410004,94.410004,91.215378,2693900
2065,2016-01-26,1878.790039,1906.72998,1878.790039,1903.630005,1903.630005,4357940000,94.5,96.160004,94.010002,96.019997,92.770905,2651400
2066,2016-01-27,1902.52002,1916.98999,1872.699951,1882.949951,1882.949951,4754040000,97.82,101.18,97.82,98.599998,95.263588,6550000
2067,2016-01-28,1885.219971,1902.959961,1873.650024,1893.359985,1893.359985,4693010000,98.93,99.120003,96.519997,97.309998,94.017235,3584700
2068,2016-01-29,1894.0,1940.23999,1894.0,1940.23999,1940.23999,5497570000,97.949997,99.900002,97.160004,99.150002,95.794983,3146600
2069,2016-02-01,1936.939941,1947.199951,1920.300049,1939.380005,1939.380005,4322530000,96.790001,99.599998,96.559998,99.16999799999999,95.814301,2575500
2070,2016-02-02,1935.26001,1935.26001,1897.290039,1903.030029,1903.030029,4463190000,98.209999,100.019997,97.839996,99.029999,95.679039,1868600
2071,2016-02-03,1907.069946,1918.01001,1872.22998,1912.530029,1912.530029,5172950000,99.910004,99.989998,97.489998,99.089996,95.737015,2215000
2072,2016-02-04,1911.670044,1927.349976,1900.52002,1915.449951,1915.449951,5193320000,99.0,100.040001,98.58000200000001,99.540001,96.171799,1572300
2073,2016-02-05,1913.069946,1913.069946,1872.650024,1880.050049,1880.050049,4929940000,99.040001,99.41999799999999,96.489998,96.910004,93.630783,2017800
2074,2016-02-08,1873.25,1873.25,1828.459961,1853.439941,1853.439941,5636460000,96.089996,96.459999,94.309998,96.059998,92.809547,2147900
2075,2016-02-09,1848.459961,1868.25,1834.939941,1852.209961,1852.209961,5183220000,94.93,97.32,94.93,96.639999,93.369919,1827900
2076,2016-02-10,1857.099976,1881.599976,1850.319946,1851.859985,1851.859985,4471170000,97.489998,99.120003,97.489998,98.099998,94.78050999999999,1537900
2077,2016-02-11,1847.0,1847.0,1810.099976,1829.079956,1829.079956,5500800000,96.480003,97.379997,95.66999799999999,96.160004,92.906166,1921100
2078,2016-02-12,1833.400024,1864.780029,1833.400024,1864.780029,1864.780029,4696920000,96.940002,97.449997,95.760002,97.33000200000001,94.03656,1286400
2079,2016-02-16,1871.439941,1895.77002,1871.439941,1895.579956,1895.579956,4570670000,98.449997,98.449997,96.989998,97.400002,94.10421,1932300
2080,2016-02-17,1898.800049,1930.680054,1898.800049,1926.819946,1926.819946,5011540000,98.089996,98.230003,96.199997,96.290001,93.031761,2900000
2081,2016-02-18,1927.569946,1930.0,1915.089966,1917.829956,1917.829956,4436490000,96.040001,97.489998,95.790001,96.940002,93.659775,1645200
2082,2016-02-19,1916.73999,1918.780029,1902.170044,1917.780029,1917.780029,4142850000,96.800003,97.93,96.220001,97.720001,94.413376,1580900
2083,2016-02-22,1924.439941,1946.699951,1924.439941,1945.5,1945.5,4054710000,98.5,99.120003,98.110001,99.040001,95.688713,1437200
2084,2016-02-23,1942.380005,1942.380005,1919.439941,1921.27002,1921.27002,3890650000,98.510002,99.610001,98.339996,98.870003,95.524475,1327800
2085,2016-02-24,1917.560059,1932.079956,1891.0,1929.800049,1929.800049,4317250000,98.339996,99.699997,97.779999,99.57,96.20076800000001,826100
2086,2016-02-25,1931.869995,1951.829956,1925.410034,1951.699951,1951.699951,4118210000,99.5,101.949997,99.489998,101.800003,98.355324,1724700
2087,2016-02-26,1954.949951,1962.959961,1945.780029,1948.050049,1948.050049,4348510000,102.08000200000001,102.690002,101.089996,101.360001,97.930199,1552800
2088,2016-02-29,1947.130005,1958.27002,1931.810059,1932.22998,1932.22998,4588180000,101.040001,101.279999,99.83000200000001,99.879997,96.500282,1161400
2089,2016-03-01,1937.089966,1978.349976,1937.089966,1978.349976,1978.349976,4819750000,100.400002,101.18,99.41999799999999,100.91999799999999,97.505096,1069800
2090,2016-03-02,1976.599976,1986.51001,1968.800049,1986.449951,1986.449951,4666610000,100.989998,101.650002,100.410004,101.519997,98.084793,1175300
2091,2016-03-03,1985.599976,1993.689941,1977.369995,1993.400024,1993.400024,5081700000,102.0,103.0,101.139999,102.900002,99.418098,1619200
2092,2016-03-04,1994.01001,2009.130005,1986.77002,1999.98999,1999.98999,6049930000,102.540001,104.0,102.540001,103.449997,99.949471,1946800
2093,2016-03-07,1996.109985,2006.119995,1989.380005,2001.76001,2001.76001,4968180000,102.68,103.0,102.33000200000001,102.839996,99.360123,1443100
2094,2016-03-08,1996.880005,1996.880005,1977.430054,1979.26001,1979.26001,4641650000,101.68,103.16999799999999,98.0,102.779999,99.30214699999999,2109400
2095,2016-03-09,1981.439941,1992.689941,1979.839966,1989.26001,1989.26001,4038120000,102.879997,103.550003,102.709999,103.120003,99.630661,1592700
2096,2016-03-10,1990.969971,2005.079956,1969.25,1989.569946,1989.569946,4376790000,103.489998,104.099998,102.309998,103.75,100.239319,1785500
2097,2016-03-11,1994.709961,2022.369995,1994.709961,2022.189941,2022.189941,4078620000,104.540001,105.019997,103.980003,105.0,101.44702099999999,1797500
2098,2016-03-14,2019.27002,2024.569946,2012.050049,2019.640015,2019.640015,3487850000,104.860001,105.510002,104.18,105.190002,101.6306,1090800
2099,2016-03-15,2015.27002,2015.939941,2005.22998,2015.930054,2015.930054,3560280000,104.260002,104.989998,104.129997,104.849998,101.302109,1244700
2100,2016-03-16,2014.23999,2032.02002,2010.040039,2027.219971,2027.219971,4057020000,104.010002,105.589996,104.010002,105.199997,101.640259,1193400
2101,2016-03-17,2026.900024,2046.23999,2022.160034,2040.589966,2040.589966,4530480000,105.199997,105.260002,103.16999799999999,103.300003,99.804565,1822000
2102,2016-03-18,2041.160034,2052.360107,2041.160034,2049.580078,2049.580078,6503140000,103.849998,105.120003,102.870003,104.949997,101.39872700000001,2047500
2103,2016-03-21,2047.880005,2053.909912,2043.140015,2051.600098,2051.600098,3376600000,104.690002,105.129997,103.949997,104.860001,101.311775,1094300
2104,2016-03-22,2048.639893,2056.600098,2040.569946,2049.800049,2049.800049,3418460000,104.779999,105.370003,104.370003,104.940002,101.38906899999999,1366700
2105,2016-03-23,2048.550049,2048.550049,2034.859985,2036.709961,2036.709961,3639510000,104.889999,105.949997,104.699997,105.589996,102.017067,1610600
2106,2016-03-24,2032.47998,2036.040039,2022.48999,2035.939941,2035.939941,3407720000,105.66999799999999,105.900002,104.339996,105.220001,101.659599,1176700
2107,2016-03-28,2037.890015,2042.670044,2031.959961,2037.050049,2037.050049,2809090000,105.269997,105.68,104.809998,105.059998,101.50500500000001,967100
2108,2016-03-29,2035.75,2055.909912,2028.310059,2055.01001,2055.01001,3822330000,104.800003,106.91999799999999,104.610001,106.870003,103.628586,1009400
2109,2016-03-30,2058.27002,2072.209961,2058.27002,2063.949951,2063.949951,3590310000,107.339996,107.839996,106.900002,107.050003,103.803123,1010900
2110,2016-03-31,2063.77002,2067.919922,2057.459961,2059.73999,2059.73999,3715280000,106.790001,107.949997,106.099998,107.290001,104.035843,1478400
2111,2016-04-01,2056.6201170000004,2075.070068,2043.97998,2072.780029,2072.780029,3749990000,106.720001,109.010002,106.260002,108.519997,105.228523,1753100
2112,2016-04-04,2073.189941,2074.02002,2062.570068,2066.129883,2066.129883,3485710000,109.0,109.790001,108.529999,109.33000200000001,106.013977,1235500
2113,2016-04-05,2062.5,2062.5,2042.560059,2045.170044,2045.170044,4154920000,108.870003,109.290001,106.650002,107.040001,103.79343399999999,2635000
2114,2016-04-06,2045.560059,2067.330078,2043.089966,2066.659912,2066.659912,3750800000,107.050003,108.860001,107.050003,108.230003,104.94734199999999,2072500
2115,2016-04-07,2063.01001,2063.01001,2033.800049,2041.910034,2041.910034,3801250000,107.809998,108.349998,107.309998,107.949997,104.675812,1340100
2116,2016-04-08,2045.540039,2060.629883,2041.689941,2047.599976,2047.599976,3359530000,108.349998,108.91999799999999,108.0,108.540001,105.24791699999999,1227600
2117,2016-04-11,2050.22998,2062.929932,2041.880005,2041.98999,2041.98999,3567840000,108.489998,108.940002,108.16999799999999,108.25,104.96672099999999,1912600
2118,2016-04-12,2043.719971,2065.050049,2039.73999,2061.719971,2061.719971,4239740000,108.139999,109.459999,108.139999,109.449997,106.13031799999999,1277600
2119,2016-04-13,2065.919922,2083.179932,2065.919922,2082.419922,2082.419922,4191830000,109.260002,109.93,109.0,109.620003,106.295181,1469600
2120,2016-04-14,2082.889893,2087.840088,2078.129883,2082.780029,2082.780029,3765870000,109.879997,110.410004,109.559998,110.099998,106.760605,1043000
2121,2016-04-15,2083.100098,2083.219971,2076.310059,2080.72998,2080.72998,3701450000,109.910004,110.089996,108.940002,109.800003,106.46970400000001,1588400
2122,2016-04-18,2078.830078,2094.659912,2073.649902,2094.340088,2094.340088,3316880000,109.760002,110.519997,109.199997,110.389999,107.041824,1039400
2123,2016-04-19,2096.050049,2104.050049,2091.679932,2100.800049,2100.800049,3896830000,110.440002,110.980003,109.010002,109.730003,106.40183999999999,1388400
2124,2016-04-20,2101.52002,2111.050049,2096.320068,2102.399902,2102.399902,4184880000,109.559998,111.25,109.33000200000001,110.730003,107.371498,1969300
2125,2016-04-21,2102.090088,2103.780029,2088.52002,2091.47998,2091.47998,4175290000,112.5,113.849998,108.41999799999999,109.309998,105.99456799999999,3236900
2126,2016-04-22,2091.48999,2094.320068,2081.199951,2091.580078,2091.580078,3790580000,109.440002,110.059998,108.110001,109.400002,106.081856,1837800
2127,2016-04-25,2089.3701170000004,2089.3701170000004,2077.52002,2087.790039,2087.790039,3319740000,109.33000200000001,109.620003,108.849998,109.489998,106.169106,998400
2128,2016-04-26,2089.840088,2096.8701170000004,2085.800049,2091.699951,2091.699951,3557190000,109.540001,110.110001,108.959999,109.510002,106.188507,1137300
2129,2016-04-27,2092.330078,2099.889893,2082.310059,2095.149902,2095.149902,4100110000,110.32,111.0,109.129997,110.040001,106.702446,1213600
2130,2016-04-28,2090.929932,2099.300049,2071.6201170000004,2075.810059,2075.810059,4309840000,109.550003,110.489998,109.25,109.559998,106.237,1526100
2131,2016-04-29,2071.820068,2073.850098,2052.280029,2065.300049,2065.300049,4704720000,106.709999,109.459999,106.709999,109.010002,105.70367399999999,1486900
2132,2016-05-02,2067.169922,2083.419922,2066.110107,2081.429932,2081.429932,3841110000,109.33000200000001,110.220001,109.019997,109.940002,106.605476,917300
2133,2016-05-03,2077.179932,2077.179932,2054.889893,2063.3701170000004,2063.3701170000004,4173390000,109.470001,109.769997,108.790001,109.16999799999999,105.85880300000001,851300
2134,2016-05-04,2060.300049,2060.300049,2045.550049,2051.1201170000004,2051.1201170000004,4058560000,108.610001,109.139999,108.010002,108.589996,105.29641000000001,936700
2135,2016-05-05,2052.949951,2060.22998,2045.77002,2050.629883,2050.629883,4008530000,108.510002,110.150002,108.279999,110.120003,106.780014,1707300
2136,2016-05-06,2047.77002,2057.719971,2039.449951,2057.139893,2057.139893,3796350000,109.82,111.209999,109.519997,111.209999,107.836952,1749300
2137,2016-05-09,2057.550049,2064.149902,2054.310059,2058.689941,2058.689941,3788620000,111.129997,112.230003,111.120003,111.32,107.943619,960600
2138,2016-05-10,2062.629883,2084.8701170000004,2062.629883,2084.389893,2084.389893,3600200000,111.379997,111.910004,111.110001,111.75,108.360565,1668700
2139,2016-05-11,2083.290039,2083.290039,2064.459961,2064.459961,2064.459961,3821980000,111.809998,112.370003,111.370003,111.480003,108.09876299999999,1439900
2140,2016-05-12,2067.169922,2073.98999,2053.129883,2064.110107,2064.110107,3782390000,111.519997,112.309998,110.849998,111.82,108.428444,1048200
2141,2016-05-13,2062.5,2066.790039,2043.130005,2046.609985,2046.609985,3579880000,111.910004,112.010002,110.410004,110.910004,107.546051,1050700
2142,2016-05-16,2046.530029,2071.879883,2046.530029,2066.659912,2066.659912,3501360000,110.860001,112.690002,110.83000200000001,112.349998,108.94236799999999,1032100
2143,2016-05-17,2065.040039,2065.689941,2040.819946,2047.209961,2047.209961,4108960000,112.050003,112.41999799999999,109.760002,110.139999,106.79940800000001,1168600
2144,2016-05-18,2044.380005,2060.610107,2034.48999,2047.630005,2047.630005,4101320000,109.849998,110.66999799999999,109.139999,109.860001,106.52788500000001,998600
2145,2016-05-19,2044.209961,2044.209961,2025.910034,2040.040039,2040.040039,3846770000,109.230003,109.610001,108.620003,109.489998,106.169106,803800
2146,2016-05-20,2041.880005,2058.350098,2041.880005,2052.320068,2052.320068,3507650000,110.16999799999999,110.75,109.800003,110.25,106.906067,1325800
2147,2016-05-23,2052.22998,2055.580078,2047.26001,2048.040039,2048.040039,3055480000,110.16999799999999,110.599998,109.82,110.269997,106.925453,648500
2148,2016-05-24,2052.649902,2079.669922,2052.649902,2076.060059,2076.060059,3627340000,110.599998,111.870003,110.400002,111.66999799999999,108.282997,979900
2149,2016-05-25,2078.929932,2094.72998,2078.929932,2090.540039,2090.540039,3859160000,111.849998,112.440002,111.68,111.870003,108.476929,1086400
2150,2016-05-26,2091.439941,2094.300049,2087.080078,2090.100098,2090.100098,3230990000,111.779999,112.389999,111.470001,111.58000200000001,108.195724,756900
2151,2016-05-27,2090.060059,2099.060059,2090.060059,2099.060059,2099.060059,3079150000,111.589996,112.099998,111.260002,111.769997,108.37995900000001,696300
2152,2016-05-31,2100.129883,2103.47998,2088.659912,2096.949951,2096.949951,4514410000,111.349998,111.949997,110.58000200000001,111.160004,107.788467,2785500
2153,2016-06-01,2093.939941,2100.969971,2085.100098,2099.330078,2099.330078,3525170000,111.290001,111.83000200000001,110.459999,111.660004,108.27330800000001,1002800
2154,2016-06-02,2097.709961,2105.26001,2088.590088,2105.26001,2105.26001,3632720000,111.800003,112.66999799999999,111.290001,112.660004,109.24297299999999,1140000
2155,2016-06-03,2104.070068,2104.070068,2085.360107,2099.129883,2099.129883,3627780000,112.370003,113.620003,111.849998,113.559998,110.115677,1618500
2156,2016-06-06,2100.830078,2113.360107,2100.830078,2109.409912,2109.409912,3442020000,113.41999799999999,114.110001,113.339996,113.529999,110.08657099999999,1490600
2157,2016-06-07,2110.179932,2119.219971,2110.179932,2112.129883,2112.129883,3534730000,113.529999,113.599998,112.57,112.589996,109.175095,1407400
2158,2016-06-08,2112.709961,2120.550049,2112.709961,2119.1201170000004,2119.1201170000004,3562060000,112.5,114.309998,112.389999,114.290001,110.823532,1237500
2159,2016-06-09,2115.649902,2117.639893,2107.72998,2115.47998,2115.47998,3290320000,114.379997,115.900002,113.860001,115.33000200000001,111.831985,1474300
2160,2016-06-10,2109.570068,2109.570068,2089.959961,2096.070068,2096.070068,3515010000,114.849998,115.019997,113.889999,114.559998,111.08535800000001,891800
2161,2016-06-13,2091.75,2098.1201170000004,2078.459961,2079.060059,2079.060059,3392030000,114.559998,115.540001,114.360001,114.440002,110.968971,1200200
2162,2016-06-14,2076.649902,2081.300049,2064.100098,2075.320068,2075.320068,3759770000,114.129997,115.41999799999999,113.860001,115.41999799999999,111.91925,1453400
2163,2016-06-15,2077.600098,2085.649902,2069.800049,2071.5,2071.5,3544720000,115.41999799999999,115.779999,113.900002,114.339996,110.872009,1034300
2164,2016-06-16,2066.360107,2079.6201170000004,2050.3701170000004,2077.98999,2077.98999,3628280000,114.029999,114.839996,113.220001,114.620003,111.143524,864500
2165,2016-06-17,2078.199951,2078.199951,2062.840088,2071.219971,2071.219971,4952630000,114.699997,115.160004,113.300003,114.379997,110.910797,1345400
2166,2016-06-20,2075.580078,2100.659912,2075.580078,2083.25,2083.25,3467440000,115.550003,116.989998,115.5,116.089996,112.56893899999999,1604100
2167,2016-06-21,2085.189941,2093.659912,2083.02002,2088.899902,2088.899902,3232880000,116.510002,116.91999799999999,115.870003,116.459999,112.92771100000002,1043800
2168,2016-06-22,2089.75,2099.709961,2084.360107,2085.449951,2085.449951,3168160000,116.739998,117.269997,116.459999,116.620003,113.08286299999999,1260700
2169,2016-06-23,2092.800049,2113.320068,2092.800049,2113.320068,2113.320068,3297940000,117.370003,118.650002,117.120003,118.379997,114.789474,1967300
2170,2016-06-24,2103.810059,2103.810059,2032.569946,2037.410034,2037.410034,7597450000,114.870003,117.91999799999999,114.410004,116.589996,113.053772,4519300
2171,2016-06-27,2031.449951,2031.449951,1991.680054,2000.540039,2000.540039,5431220000,115.860001,116.489998,114.300003,114.779999,111.29866799999999,1343300
2172,2016-06-28,2006.670044,2036.089966,2006.670044,2036.089966,2036.089966,4385810000,115.25,116.16999799999999,114.790001,115.959999,112.816376,1637400
2173,2016-06-29,2042.689941,2073.129883,2042.689941,2070.77002,2070.77002,4241740000,117.019997,118.870003,116.889999,118.809998,115.58911100000002,1545300
2174,2016-06-30,2073.169922,2098.939941,2070.0,2098.860107,2098.860107,4622820000,118.849998,119.83000200000001,118.410004,119.83000200000001,116.58145900000001,1814600
2175,2016-07-01,2099.340088,2108.709961,2097.899902,2102.949951,2102.949951,3458890000,120.010002,120.510002,119.57,120.410004,117.14573700000001,874700
2176,2016-07-05,2095.050049,2095.050049,2080.860107,2088.550049,2088.550049,3658380000,119.940002,121.599998,119.730003,121.209999,117.924057,1123400
2177,2016-07-06,2084.429932,2100.719971,2074.02002,2099.72998,2099.72998,3909380000,120.58000200000001,121.41999799999999,120.32,121.089996,117.807304,1499500
2178,2016-07-07,2100.419922,2109.080078,2089.389893,2097.899902,2097.899902,3604550000,121.07,121.599998,120.790001,121.029999,117.74893999999999,1211400
2179,2016-07-08,2106.969971,2131.709961,2106.969971,2129.899902,2129.899902,3607500000,121.739998,122.400002,121.07,122.290001,118.97476999999999,1283100
2180,2016-07-11,2131.719971,2143.159912,2131.719971,2137.159912,2137.159912,3253340000,122.519997,123.099998,122.300003,122.650002,119.32501200000002,885700
2181,2016-07-12,2139.5,2155.399902,2139.5,2152.139893,2152.139893,4097820000,122.93,123.209999,122.18,122.82,119.49041000000001,1228700
2182,2016-07-13,2153.810059,2156.449951,2146.209961,2152.429932,2152.429932,3502320000,123.199997,123.370003,122.160004,122.510002,119.18881999999999,1238600
2183,2016-07-14,2157.879883,2168.98999,2157.879883,2163.75,2163.75,3465610000,123.279999,123.410004,122.190002,122.300003,118.98451200000001,1277700
2184,2016-07-15,2165.129883,2169.050049,2155.790039,2161.73999,2161.73999,3122600000,122.970001,123.550003,121.290001,122.08000200000001,118.77046999999999,2063500
2185,2016-07-18,2162.040039,2168.350098,2159.629883,2166.889893,2166.889893,3009310000,122.260002,123.0,120.949997,121.620003,118.32294499999999,1727400
2186,2016-07-19,2163.790039,2164.629883,2159.01001,2163.780029,2163.780029,2968340000,121.470001,122.43,121.41999799999999,121.760002,118.45914499999999,1271600
2187,2016-07-20,2166.100098,2175.629883,2164.889893,2173.02002,2173.02002,3211860000,122.300003,122.650002,121.769997,122.360001,119.042877,1297400
2188,2016-07-21,2172.909912,2174.560059,2159.75,2165.169922,2165.169922,3438900000,122.209999,122.639999,121.66999799999999,122.559998,119.23745,1359700
2189,2016-07-22,2166.469971,2175.110107,2163.23999,2175.030029,2175.030029,3023280000,118.25,118.940002,115.779999,117.029999,113.85736100000001,4691900
2190,2016-07-25,2173.709961,2173.709961,2161.949951,2168.47998,2168.47998,3057240000,116.82,117.449997,114.959999,115.93,112.787186,2027500
2191,2016-07-26,2168.969971,2173.540039,2160.179932,2169.179932,2169.179932,3442350000,115.800003,116.68,115.300003,116.440002,113.28337900000001,1596200
2192,2016-07-27,2169.810059,2174.97998,2159.070068,2166.580078,2166.580078,3995500000,116.18,116.360001,114.449997,114.83000200000001,111.71701000000002,1635100
2193,2016-07-28,2166.050049,2172.850098,2159.73999,2170.060059,2170.060059,3664240000,114.849998,116.160004,114.389999,114.959999,111.843483,1215900
2194,2016-07-29,2168.830078,2177.090088,2163.48999,2173.600098,2173.600098,4038840000,114.970001,116.620003,114.970001,116.279999,113.127701,1453700
2195,2016-08-01,2173.149902,2178.290039,2166.209961,2170.840088,2170.840088,3505990000,116.290001,117.650002,116.220001,117.019997,113.847633,1019400
2196,2016-08-02,2169.939941,2170.199951,2147.580078,2157.030029,2157.030029,3848750000,116.75,116.870003,115.279999,115.699997,112.56343100000001,1009600
2197,2016-08-03,2156.810059,2163.790039,2152.560059,2163.790039,2163.790039,3786530000,115.879997,115.970001,114.540001,114.82,111.707275,1080200
2198,2016-08-04,2163.51001,2168.189941,2159.070068,2164.25,2164.25,3709200000,115.120003,115.33000200000001,114.440002,114.849998,111.736473,937300
2199,2016-08-05,2168.790039,2182.8701170000004,2168.790039,2182.8701170000004,2182.8701170000004,3663070000,115.040001,115.33000200000001,114.309998,114.900002,111.785103,988000
2200,2016-08-08,2183.76001,2185.439941,2177.850098,2180.889893,2180.889893,3327550000,114.989998,115.07,114.07,114.82,111.707275,1013400
2201,2016-08-09,2182.23999,2187.659912,2178.610107,2181.73999,2181.73999,3334300000,115.08000200000001,115.910004,114.839996,115.449997,112.320198,834500
2202,2016-08-10,2182.810059,2183.409912,2172.0,2175.48999,2175.48999,3254950000,115.489998,115.589996,114.849998,115.529999,112.39803300000001,615700
2203,2016-08-11,2177.969971,2188.449951,2177.969971,2185.790039,2185.790039,3423160000,115.519997,116.050003,115.07,115.529999,112.39803300000001,774200
2204,2016-08-12,2183.73999,2186.280029,2179.419922,2184.050049,2184.050049,3000660000,115.360001,115.57,114.800003,115.57,112.43695100000001,622000
2205,2016-08-15,2186.080078,2193.810059,2186.080078,2190.149902,2190.149902,3078530000,115.5,115.800003,115.230003,115.230003,112.106163,568600
2206,2016-08-16,2186.23999,2186.23999,2178.139893,2178.149902,2178.149902,3196400000,114.879997,114.910004,113.480003,113.480003,110.40361000000001,1052100
2207,2016-08-17,2177.840088,2183.080078,2168.5,2182.219971,2182.219971,3388910000,113.5,113.639999,112.660004,113.150002,110.08256499999999,1101700
2208,2016-08-18,2181.899902,2187.030029,2180.459961,2187.02002,2187.02002,3300570000,113.019997,113.879997,112.550003,113.75,110.66628999999999,919400
2209,2016-08-19,2184.23999,2185.0,2175.129883,2183.8701170000004,2183.8701170000004,3084800000,113.32,113.800003,112.699997,113.769997,110.685753,881300
2210,2016-08-22,2181.580078,2185.149902,2175.959961,2182.639893,2182.639893,2777550000,113.849998,114.400002,113.620003,114.139999,111.04571499999999,726900
2211,2016-08-23,2187.810059,2193.419922,2186.800049,2186.899902,2186.899902,3041490000,114.18,114.610001,113.480003,113.610001,110.530075,893700
2212,2016-08-24,2185.090088,2186.659912,2171.25,2175.439941,2175.439941,3148280000,113.709999,113.849998,112.389999,112.620003,109.566925,1051300
2213,2016-08-25,2173.290039,2179.0,2169.73999,2172.469971,2172.469971,2969310000,112.32,113.720001,112.019997,113.309998,110.23821299999999,1203700
2214,2016-08-26,2175.100098,2187.939941,2160.389893,2169.040039,2169.040039,3342340000,113.66999799999999,115.08000200000001,113.239998,114.440002,111.33757800000001,1141900
2215,2016-08-29,2170.189941,2183.47998,2170.189941,2180.379883,2180.379883,2654780000,114.440002,116.389999,114.43,116.279999,113.127701,1661900
2216,2016-08-30,2179.449951,2182.27002,2170.409912,2176.1201170000004,2176.1201170000004,3006800000,116.110001,116.690002,115.440002,115.940002,112.796921,874300
2217,2016-08-31,2173.560059,2173.790039,2161.350098,2170.949951,2170.949951,3766390000,115.910004,116.379997,115.139999,115.660004,112.52451299999998,814900
2218,2016-09-01,2171.330078,2173.560059,2157.090088,2170.860107,2170.860107,3392120000,115.900002,115.900002,114.410004,115.230003,112.106163,939400
2219,2016-09-02,2177.48999,2184.8701170000004,2173.590088,2179.97998,2179.97998,3091120000,116.349998,116.349998,115.239998,115.599998,112.466141,866100
2220,2016-09-06,2181.610107,2186.570068,2175.100098,2186.47998,2186.47998,3447650000,115.599998,116.889999,115.0,116.889999,113.721153,1144200
2221,2016-09-07,2185.169922,2187.8701170000004,2179.070068,2186.159912,2186.159912,3319420000,116.440002,116.800003,114.849998,115.16999799999999,112.047798,1202000
2222,2016-09-08,2182.76001,2184.939941,2177.48999,2181.300049,2181.300049,3727840000,114.790001,115.58000200000001,114.639999,114.870003,111.755928,1367900
2223,2016-09-09,2169.080078,2169.080078,2127.810059,2127.810059,2127.810059,4233960000,114.099998,114.129997,110.43,110.540001,107.54331200000001,2486300
2224,2016-09-12,2120.860107,2163.300049,2119.1201170000004,2159.040039,2159.040039,4010480000,110.220001,112.860001,110.220001,112.699997,109.644745,1740600
2225,2016-09-13,2150.469971,2150.469971,2120.27002,2127.02002,2127.02002,4141670000,112.209999,112.660004,110.32,110.519997,107.523857,1064900
2226,2016-09-14,2127.860107,2141.330078,2119.899902,2125.77002,2125.77002,3664100000,110.32,111.239998,110.129997,111.010002,108.00058,1361900
2227,2016-09-15,2125.360107,2151.310059,2122.360107,2147.26001,2147.26001,3373720000,110.949997,114.120003,110.610001,113.5,110.423073,1985700
2228,2016-09-16,2146.47998,2146.47998,2131.199951,2139.159912,2139.159912,5014360000,113.709999,114.41999799999999,113.0,114.32,111.220825,2436900
2229,2016-09-19,2143.98999,2153.610107,2135.909912,2139.1201170000004,2139.1201170000004,3163000000,114.349998,115.58000200000001,114.190002,114.41999799999999,111.318123,1130500
2230,2016-09-20,2145.939941,2150.800049,2139.169922,2139.76001,2139.76001,3140730000,115.099998,115.290001,114.540001,114.599998,111.493248,990300
2231,2016-09-21,2144.580078,2165.110107,2139.570068,2163.1201170000004,2163.1201170000004,3712090000,114.68,116.559998,114.66999799999999,116.440002,113.28337900000001,1090800
2232,2016-09-22,2170.939941,2179.98999,2170.939941,2177.179932,2177.179932,3552830000,116.82,118.900002,116.379997,118.440002,115.229141,1964900
2233,2016-09-23,2173.290039,2173.75,2163.969971,2164.689941,2164.689941,3317190000,118.059998,118.199997,116.980003,117.760002,114.56758899999998,1235100
2234,2016-09-26,2158.540039,2158.540039,2145.040039,2146.100098,2146.100098,3216170000,117.18,117.480003,115.959999,116.209999,113.059601,1387000
2235,2016-09-27,2146.040039,2161.129883,2141.550049,2159.929932,2159.929932,3437770000,116.639999,117.800003,116.089996,117.800003,114.60650600000001,1156200
2236,2016-09-28,2161.850098,2172.399902,2151.790039,2171.3701170000004,2171.3701170000004,3891460000,117.41999799999999,117.550003,116.480003,117.309998,114.49913799999999,918600
2237,2016-09-29,2168.899902,2172.669922,2145.199951,2151.129883,2151.129883,4249220000,116.889999,117.220001,115.110001,115.699997,112.927696,662100
2238,2016-09-30,2156.51001,2175.300049,2156.51001,2168.27002,2168.27002,4173340000,116.309998,116.910004,115.970001,116.410004,113.62068899999998,1196900
2239,2016-10-03,2164.330078,2164.409912,2154.77002,2161.199951,2161.199951,3137550000,115.860001,116.540001,115.290001,116.449997,113.659737,805100
2240,2016-10-04,2163.3701170000004,2165.459961,2144.01001,2150.48999,2150.48999,3750890000,116.480003,116.91999799999999,115.730003,116.260002,113.474281,1074100
2241,2016-10-05,2155.149902,2163.949951,2155.149902,2159.72998,2159.72998,3906550000,116.339996,116.970001,116.050003,116.660004,113.86470800000001,1151900
2242,2016-10-06,2158.219971,2162.929932,2150.280029,2160.77002,2160.77002,3461550000,116.589996,117.139999,115.93,116.650002,113.85493500000001,781500
2243,2016-10-07,2164.189941,2165.860107,2144.850098,2153.73999,2153.73999,3619890000,117.129997,117.370003,115.589996,116.309998,113.52308700000002,920100
2244,2016-10-10,2160.389893,2169.600098,2160.389893,2163.659912,2163.659912,2916550000,116.900002,118.089996,116.66999799999999,117.849998,115.02618400000001,752900
2245,2016-10-11,2161.350098,2161.560059,2128.840088,2136.72998,2136.72998,3438270000,117.589996,117.68,113.139999,113.730003,111.004906,1433400
2246,2016-10-12,2137.669922,2145.360107,2132.77002,2139.179932,2139.179932,2977100000,113.900002,114.480003,113.589996,113.91999799999999,111.190353,829200
2247,2016-10-13,2130.26001,2138.189941,2114.719971,2132.550049,2132.550049,3580450000,113.370003,113.900002,112.519997,113.58000200000001,110.85850500000001,892500
2248,2016-10-14,2139.679932,2149.189941,2132.97998,2132.97998,2132.97998,3228150000,116.18,116.18,113.610001,113.650002,110.926826,1253600
2249,2016-10-17,2132.949951,2135.610107,2124.429932,2126.5,2126.5,2830390000,113.790001,113.849998,113.209999,113.57,110.84873999999999,721700
2250,2016-10-18,2138.310059,2144.379883,2135.48999,2139.600098,2139.600098,3170000000,114.519997,115.089996,113.489998,114.809998,112.059021,672500
2251,2016-10-19,2140.810059,2148.439941,2138.149902,2144.290039,2144.290039,3362670000,115.129997,115.199997,114.25,114.33000200000001,111.590538,681000
2252,2016-10-20,2142.51001,2147.179932,2133.439941,2141.340088,2141.340088,3337170000,114.43,114.870003,113.809998,114.550003,111.80526699999999,613400
2253,2016-10-21,2139.429932,2142.629883,2130.090088,2141.159912,2141.159912,3448850000,114.0,114.230003,112.93,113.709999,110.985382,832300
2254,2016-10-24,2148.5,2154.790039,2146.909912,2151.330078,2151.330078,3357320000,114.400002,115.199997,114.209999,114.730003,111.980949,674300
2255,2016-10-25,2149.719971,2151.439941,2141.929932,2143.159912,2143.159912,3751340000,114.769997,114.82,113.08000200000001,113.190002,110.477852,1023600
2256,2016-10-26,2136.969971,2145.72998,2131.590088,2139.429932,2139.429932,3775200000,112.260002,112.470001,109.839996,109.889999,107.256927,2098700
2257,2016-10-27,2144.060059,2147.129883,2132.52002,2133.040039,2133.040039,4204830000,110.5,110.620003,109.309998,109.720001,107.09099599999999,1751600
2258,2016-10-28,2132.22998,2140.719971,2119.360107,2126.409912,2126.409912,4019510000,111.519997,117.959999,110.599998,114.269997,111.531967,3264800
2259,2016-10-31,2129.780029,2133.25,2125.530029,2126.149902,2126.149902,3922400000,113.599998,115.589996,111.349998,115.349998,112.58608999999998,2301300
2260,2016-11-01,2128.679932,2131.449951,2097.850098,2111.719971,2111.719971,4532160000,115.989998,116.629997,114.129997,114.790001,112.03951299999999,1806700
2261,2016-11-02,2109.429932,2111.76001,2094.0,2097.939941,2097.939941,4248580000,114.93,116.760002,114.510002,115.5,112.73249799999999,1489700
2262,2016-11-03,2098.800049,2102.560059,2085.22998,2088.659912,2088.659912,3886740000,115.839996,116.349998,115.400002,115.650002,112.878906,1456600
2263,2016-11-04,2083.790039,2099.070068,2083.790039,2085.179932,2085.179932,3837860000,116.0,117.5,115.779999,117.150002,114.34295700000001,1758800
2264,2016-11-07,2100.590088,2132.0,2100.590088,2131.52002,2131.52002,3736060000,118.599998,120.400002,118.519997,119.68,116.812347,1497200
2265,2016-11-08,2129.919922,2146.8701170000004,2123.560059,2139.560059,2139.560059,3916930000,119.610001,121.839996,119.010002,120.849998,117.95430800000001,1531600
2266,2016-11-09,2131.560059,2170.100098,2125.350098,2163.26001,2163.26001,6264150000,119.779999,121.620003,113.300003,116.239998,113.45475800000001,3632400
2267,2016-11-10,2167.48999,2182.300049,2151.169922,2167.47998,2167.47998,6451640000,117.279999,117.279999,112.16999799999999,114.029999,111.297722,4375000
2268,2016-11-11,2162.709961,2165.919922,2152.48999,2164.449951,2164.449951,4988050000,113.370003,113.980003,110.08000200000001,110.360001,107.71566000000001,2504200
2269,2016-11-14,2165.639893,2171.360107,2156.080078,2164.199951,2164.199951,5367200000,110.33000200000001,110.790001,106.480003,106.68,104.12384,3681700
2270,2016-11-15,2168.290039,2180.840088,2166.379883,2180.389893,2180.389893,4543860000,107.349998,110.699997,107.129997,109.739998,107.11051200000001,2744100
2271,2016-11-16,2177.530029,2179.219971,2172.199951,2176.939941,2176.939941,3830590000,109.75,110.059998,108.379997,109.389999,106.768906,1095100
2272,2016-11-17,2178.610107,2188.060059,2176.649902,2187.1201170000004,2187.1201170000004,3809160000,109.32,111.33000200000001,108.559998,110.650002,107.99871100000001,1918300
2273,2016-11-18,2186.850098,2189.889893,2180.379883,2181.899902,2181.899902,3572400000,110.57,111.510002,110.209999,111.440002,108.769783,1501500
2274,2016-11-21,2186.429932,2198.699951,2186.429932,2198.179932,2198.179932,3607010000,111.43,112.559998,111.040001,111.470001,108.799072,1186600
2275,2016-11-22,2201.560059,2204.800049,2194.51001,2202.939941,2202.939941,3957940000,110.099998,111.050003,108.290001,110.699997,108.047501,2946000
2276,2016-11-23,2198.550049,2204.719971,2194.51001,2204.719971,2204.719971,3418640000,110.18,111.849998,110.0,111.75,109.07235,1421400
2277,2016-11-25,2206.27002,2213.350098,2206.27002,2213.350098,2213.350098,1584600000,112.449997,113.099998,111.889999,112.839996,110.136223,559300
2278,2016-11-28,2210.209961,2211.139893,2200.360107,2201.719971,2201.719971,3505650000,112.5,113.459999,112.5,112.949997,110.243599,1323900
2279,2016-11-29,2200.76001,2210.459961,2198.149902,2204.659912,2204.659912,3706560000,114.18,117.910004,113.739998,115.410004,112.644653,1873900
2280,2016-11-30,2204.969971,2214.100098,2198.810059,2198.810059,2198.810059,5533980000,115.129997,115.550003,113.660004,113.660004,110.93659199999999,1844300
2281,2016-12-01,2200.169922,2202.600098,2187.439941,2191.080078,2191.080078,5063740000,113.360001,114.07,110.910004,111.75,109.07235,1323000
2282,2016-12-02,2191.1201170000004,2197.949951,2188.3701170000004,2191.949951,2191.949951,3779500000,112.199997,113.110001,111.839996,112.08000200000001,109.39443999999999,1210300
2283,2016-12-05,2200.649902,2209.419922,2199.969971,2204.709961,2204.709961,3895230000,112.57,112.690002,111.57,112.010002,109.326118,1324700
2284,2016-12-06,2207.26001,2212.780029,2202.209961,2212.22998,2212.22998,3855320000,112.629997,113.16999799999999,111.470001,112.589996,109.89222,1236800
2285,2016-12-07,2210.719971,2241.629883,2208.929932,2241.350098,2241.350098,4501820000,112.190002,113.709999,111.220001,113.66999799999999,110.94634199999999,1352000
2286,2016-12-08,2241.129883,2251.689941,2237.570068,2246.189941,2246.189941,4200580000,113.279999,115.699997,113.0,115.510002,112.74226399999999,1405300
2287,2016-12-09,2249.72998,2259.800049,2249.22998,2259.530029,2259.530029,3884480000,115.75,116.839996,115.75,116.5,113.708542,1040700
2288,2016-12-12,2258.830078,2264.030029,2252.3701170000004,2256.959961,2256.959961,4034510000,116.41999799999999,118.18,116.41999799999999,117.58000200000001,114.76266499999998,1181000
2289,2016-12-13,2263.320068,2277.530029,2263.320068,2271.719971,2271.719971,3857590000,117.739998,118.589996,117.0,117.629997,114.81145500000001,997000
2290,2016-12-14,2268.350098,2276.199951,2248.439941,2253.280029,2253.280029,4406970000,117.970001,118.379997,116.269997,116.730003,113.93303700000001,1914300
2291,2016-12-15,2253.77002,2272.1201170000004,2253.77002,2262.030029,2262.030029,4168200000,118.0,119.019997,116.790001,118.82,115.972946,1657000
2292,2016-12-16,2266.810059,2268.050049,2254.23999,2258.070068,2258.070068,5920340000,119.230003,119.360001,118.290001,118.75,115.904625,1964900
2293,2016-12-19,2259.23999,2267.469971,2258.209961,2262.530029,2262.530029,3248370000,118.769997,119.160004,118.400002,118.809998,115.963181,871800
2294,2016-12-20,2266.5,2272.560059,2266.139893,2270.76001,2270.76001,3298780000,118.989998,119.940002,118.720001,119.510002,116.64641599999999,1028700
2295,2016-12-21,2270.540039,2271.22998,2265.149902,2265.179932,2265.179932,2852230000,119.410004,119.93,118.860001,119.400002,116.539047,877400
2296,2016-12-22,2262.929932,2263.179932,2256.080078,2260.959961,2260.959961,2876320000,119.349998,120.760002,119.110001,120.480003,117.59317800000001,1190300
2297,2016-12-23,2260.25,2263.790039,2258.840088,2263.790039,2263.790039,2020550000,120.300003,121.099998,120.199997,120.760002,117.86646299999998,521800
2298,2016-12-27,2266.22998,2273.820068,2266.149902,2268.879883,2268.879883,1987080000,121.059998,121.5,120.66999799999999,120.849998,117.95430800000001,443600
2299,2016-12-28,2270.22998,2271.310059,2249.110107,2249.919922,2249.919922,2392360000,120.260002,120.989998,119.849998,119.879997,117.42048600000001,961400
2300,2016-12-29,2249.5,2254.51001,2244.560059,2249.26001,2249.26001,2336370000,120.309998,121.089996,120.010002,120.519997,118.04735600000001,662100
2301,2016-12-30,2251.610107,2253.580078,2233.6201170000004,2238.830078,2238.830078,2670900000,120.660004,120.860001,119.349998,119.809998,117.35192099999999,988100
2302,2017-01-03,2251.570068,2263.879883,2245.129883,2257.830078,2257.830078,3770530000,119.809998,119.860001,117.860001,119.43,116.979729,1831500
2303,2017-01-04,2261.600098,2272.820068,2261.600098,2270.75,2270.75,3764890000,119.639999,120.650002,119.360001,120.099998,117.635971,1504800
2304,2017-01-05,2268.179932,2271.5,2260.449951,2269.0,2269.0,3761820000,120.099998,120.400002,118.400002,118.779999,116.343056,1772200
2305,2017-01-06,2271.139893,2282.100098,2264.060059,2276.97998,2276.97998,3339890000,117.5,118.379997,116.5,117.75,115.33418999999999,2464200
2306,2017-01-09,2273.590088,2275.48999,2268.899902,2268.899902,2268.899902,3217610000,117.879997,119.650002,117.639999,119.019997,116.57813300000001,1355700
2307,2017-01-10,2269.719971,2279.27002,2265.27002,2268.899902,2268.899902,3638790000,119.559998,122.720001,119.050003,121.900002,119.39903999999999,2310300
2308,2017-01-11,2268.600098,2275.320068,2260.830078,2275.320068,2275.320068,3620410000,121.900002,127.230003,121.900002,123.660004,121.12293999999999,3140900
2309,2017-01-12,2271.139893,2271.780029,2254.25,2270.439941,2270.439941,3462130000,122.860001,123.370003,121.839996,123.260002,120.73113300000001,1417300
2310,2017-01-13,2272.73999,2278.679932,2271.51001,2274.639893,2274.639893,3081270000,123.220001,124.0,122.599998,122.91999799999999,120.398109,1665100
2311,2017-01-17,2269.139893,2272.080078,2262.810059,2267.889893,2267.889893,3584990000,122.120003,122.989998,121.68,122.550003,120.03571299999999,1598800
2312,2017-01-18,2269.139893,2272.01001,2263.350098,2271.889893,2271.889893,3315250000,122.93,123.089996,122.150002,122.400002,119.88879399999999,1195400
2313,2017-01-19,2271.899902,2274.330078,2258.409912,2263.689941,2263.689941,3165970000,122.0,122.620003,121.389999,122.129997,119.624329,1016100
2314,2017-01-20,2269.959961,2276.959961,2265.01001,2271.310059,2271.310059,3524970000,122.519997,123.08000200000001,121.449997,121.75,119.252113,1196600
2315,2017-01-23,2267.780029,2271.780029,2257.02002,2265.199951,2265.199951,3152710000,121.559998,122.290001,120.839996,121.410004,118.91909799999999,1391700
2316,2017-01-24,2267.879883,2284.629883,2266.679932,2280.070068,2280.070068,3810960000,121.510002,122.360001,120.639999,121.5,119.00725600000001,1546500
2317,2017-01-25,2288.879883,2299.550049,2288.879883,2298.3701170000004,2298.3701170000004,3846020000,122.18,124.949997,121.050003,121.110001,118.625252,2562300
2318,2017-01-26,2298.629883,2300.98999,2294.080078,2296.679932,2296.679932,3610360000,121.110001,121.110001,119.16999799999999,120.83000200000001,118.350998,1891600
2319,2017-01-27,2299.02002,2299.02002,2291.6201170000004,2294.689941,2294.689941,3135890000,121.029999,123.66999799999999,120.730003,123.290001,120.760529,1497600
2320,2017-01-30,2286.01001,2286.01001,2268.040039,2280.899902,2280.899902,3591270000,123.269997,123.269997,121.940002,122.510002,119.996521,1249300
2321,2017-01-31,2274.02002,2279.090088,2267.209961,2278.8701170000004,2278.8701170000004,4087450000,122.129997,123.589996,122.0,123.529999,120.99558999999999,1148500
2322,2017-02-01,2285.590088,2289.139893,2272.439941,2279.550049,2279.550049,3916610000,123.43,123.82,122.41999799999999,123.120003,120.594017,1586900
2323,2017-02-02,2276.689941,2283.969971,2271.649902,2280.850098,2280.850098,3807710000,122.879997,123.470001,122.300003,123.389999,120.85846699999999,1330900
2324,2017-02-03,2288.540039,2298.310059,2287.879883,2297.419922,2297.419922,3597970000,123.720001,124.25,122.779999,123.360001,120.829094,986000
2325,2017-02-06,2294.280029,2296.179932,2288.570068,2292.560059,2292.560059,3109050000,123.08000200000001,123.290001,121.860001,122.33000200000001,119.820229,1171300
2326,2017-02-07,2295.8701170000004,2299.399902,2290.159912,2293.080078,2293.080078,3448690000,122.360001,122.839996,122.160004,122.510002,119.996521,1726400
2327,2017-02-08,2289.550049,2295.909912,2285.379883,2294.669922,2294.669922,3609740000,122.339996,122.949997,122.010002,122.410004,119.89858999999998,689500
2328,2017-02-09,2296.699951,2311.080078,2296.610107,2307.8701170000004,2307.8701170000004,3677940000,122.410004,123.58000200000001,122.279999,123.32,120.78991699999999,1492700
2329,2017-02-10,2312.27002,2319.22998,2311.100098,2316.100098,2316.100098,3475020000,123.279999,123.709999,122.779999,123.309998,120.78011299999999,841600
2330,2017-02-13,2321.719971,2331.580078,2321.419922,2328.25,2328.25,3349730000,123.440002,124.760002,123.339996,124.33000200000001,121.779198,1121200
2331,2017-02-14,2326.1201170000004,2337.580078,2322.169922,2337.580078,2337.580078,3520910000,124.43,125.510002,123.839996,125.260002,122.69011699999999,1115700
2332,2017-02-15,2335.580078,2351.300049,2334.810059,2349.25,2349.25,3775590000,124.699997,125.980003,124.610001,125.760002,123.179855,1039000
2333,2017-02-16,2349.639893,2351.310059,2338.8701170000004,2347.219971,2347.219971,3672370000,125.589996,125.769997,124.889999,125.75,123.17005900000001,887600
2334,2017-02-17,2343.01001,2351.159912,2339.580078,2351.159912,2351.159912,3513060000,125.650002,126.370003,125.120003,126.339996,123.74793999999999,863100
2335,2017-02-21,2354.909912,2366.709961,2354.909912,2365.379883,2365.379883,3579780000,126.010002,127.790001,126.0,127.160004,124.55113999999999,1358200
2336,2017-02-22,2361.110107,2365.129883,2358.340088,2362.820068,2362.820068,3468670000,127.050003,127.959999,126.839996,127.290001,124.678474,806000
2337,2017-02-23,2367.5,2368.26001,2355.090088,2363.810059,2363.810059,4015260000,127.5,128.720001,127.010002,128.669998,126.03013600000001,1082800
2338,2017-02-24,2355.72998,2367.340088,2352.8701170000004,2367.340088,2367.340088,3831570000,128.559998,129.300003,128.28999299999998,129.270004,126.617851,770700
2339,2017-02-27,2365.22998,2371.540039,2361.8701170000004,2369.75,2369.75,3582610000,129.0,129.66000400000001,128.41000400000001,128.580002,125.941994,1005600
2340,2017-02-28,2366.080078,2367.790039,2358.959961,2363.639893,2363.639893,4210140000,128.740005,129.199997,127.190002,128.559998,125.92240100000001,1196800
2341,2017-03-01,2380.129883,2400.97998,2380.129883,2395.959961,2395.959961,4345180000,129.350006,131.360001,128.779999,131.050003,128.361313,1272000
2342,2017-03-02,2394.75,2394.75,2380.169922,2381.919922,2381.919922,3821320000,130.940002,131.309998,129.850006,130.78999299999998,128.106644,940400
2343,2017-03-03,2380.919922,2383.889893,2375.389893,2383.1201170000004,2383.1201170000004,3555260000,130.509995,130.850006,129.649994,130.199997,127.52876299999998,1128100
2344,2017-03-06,2375.22998,2378.800049,2367.97998,2375.310059,2375.310059,3232700000,129.53999299999998,130.16000400000001,129.190002,129.690002,127.029228,1373300
2345,2017-03-07,2370.73999,2375.1201170000004,2365.51001,2368.389893,2368.389893,3518390000,129.350006,129.809998,128.78999299999998,129.139999,126.490494,1724900
2346,2017-03-08,2369.810059,2373.090088,2361.01001,2362.97998,2362.97998,3812100000,129.53999299999998,129.869995,128.949997,129.33999599999999,126.686401,647300
2347,2017-03-09,2363.48999,2369.080078,2354.540039,2364.8701170000004,2364.8701170000004,3716340000,129.169998,130.149994,129.029999,129.809998,127.146767,1023300
2348,2017-03-10,2372.52002,2376.860107,2363.040039,2372.600098,2372.600098,3432950000,130.300003,130.690002,129.28999299999998,130.0,127.33283999999999,1642300
2349,2017-03-13,2371.560059,2374.419922,2368.52002,2373.469971,2373.469971,3133900000,130.21000700000002,131.46000700000002,129.58999599999999,131.380005,128.68455500000002,1334300
2350,2017-03-14,2368.550049,2368.550049,2358.179932,2365.449951,2365.449951,3172630000,130.820007,131.350006,130.479996,130.970001,128.282944,1487200
2351,2017-03-15,2370.340088,2390.01001,2368.939941,2385.26001,2385.26001,3906840000,131.309998,132.990005,131.0,132.830002,130.104782,1110700
2352,2017-03-16,2387.709961,2388.100098,2377.179932,2381.379883,2381.379883,3365660000,132.619995,132.619995,130.509995,131.5,128.80209399999998,1675100
2353,2017-03-17,2383.709961,2385.709961,2377.639893,2378.25,2378.25,5178040000,131.559998,133.020004,131.0,132.66000400000001,129.938278,2050700
2354,2017-03-20,2378.23999,2379.550049,2369.659912,2373.469971,2373.469971,3054930000,132.619995,132.91000400000001,132.139999,132.58999599999999,129.869705,714900
2355,2017-03-21,2379.320068,2381.929932,2341.899902,2344.02002,2344.02002,4265590000,132.779999,133.58999599999999,131.41000400000001,132.380005,129.664047,966900
2356,2017-03-22,2343.0,2351.810059,2336.449951,2348.449951,2348.449951,3572730000,132.71000700000002,133.240005,131.610001,132.449997,129.73259,789700
2357,2017-03-23,2345.969971,2358.919922,2342.129883,2345.959961,2345.959961,3260600000,132.380005,132.770004,131.279999,131.58999599999999,128.890244,1247900
2358,2017-03-24,2350.419922,2356.219971,2335.73999,2343.97998,2343.97998,2975130000,131.830002,133.16000400000001,131.53999299999998,132.509995,129.79136699999998,1237000
2359,2017-03-27,2329.110107,2344.899902,2322.25,2341.590088,2341.590088,3240230000,132.0,132.619995,131.729996,132.490005,129.77178999999998,698200
2360,2017-03-28,2339.790039,2363.780029,2337.629883,2358.570068,2358.570068,3367780000,132.220001,132.889999,131.440002,132.699997,129.977478,750900
2361,2017-03-29,2356.540039,2363.360107,2352.939941,2361.129883,2361.129883,3106940000,131.919998,132.240005,131.139999,131.899994,129.608978,1359000
2362,2017-03-30,2361.310059,2370.419922,2358.580078,2368.060059,2368.060059,3158420000,131.699997,132.509995,131.509995,131.949997,129.65811200000002,607600
2363,2017-03-31,2364.820068,2370.350098,2362.600098,2362.719971,2362.719971,3354110000,131.53999299999998,132.199997,131.470001,131.649994,129.363327,753500
2364,2017-04-03,2362.340088,2365.8701170000004,2344.72998,2358.840088,2358.840088,3416400000,131.649994,132.419998,130.58999599999999,131.929993,129.638474,998400
2365,2017-04-04,2354.76001,2360.530029,2350.719971,2360.159912,2360.159912,3206240000,131.919998,132.130005,130.630005,131.41000400000001,129.127502,710900
2366,2017-04-05,2366.590088,2378.360107,2350.52002,2352.949951,2352.949951,3770520000,131.21000700000002,132.259995,130.940002,131.179993,128.90150500000001,669400
2367,2017-04-06,2353.790039,2364.159912,2348.899902,2357.48999,2357.48999,3201920000,131.300003,131.300003,130.259995,130.83999599999999,128.567383,752300
2368,2017-04-07,2356.590088,2363.76001,2350.73999,2355.540039,2355.540039,3053150000,130.889999,131.330002,130.529999,130.83999599999999,128.567383,867900
2369,2017-04-10,2357.159912,2366.3701170000004,2351.5,2357.159912,2357.159912,2785410000,130.669998,131.330002,130.550003,130.729996,128.459305,761200
2370,2017-04-11,2353.919922,2355.219971,2337.25,2353.780029,2353.780029,3117420000,130.449997,131.179993,129.940002,130.58999599999999,128.321747,774500
2371,2017-04-12,2352.149902,2352.719971,2341.179932,2344.929932,2344.929932,3196950000,130.440002,130.850006,129.820007,130.41000400000001,128.14485200000001,998500
2372,2017-04-13,2341.97998,2348.26001,2328.949951,2328.949951,2328.949951,3143890000,130.179993,130.66000400000001,129.83999599999999,129.929993,127.67319499999999,758700
2373,2017-04-17,2332.6201170000004,2349.139893,2332.51001,2349.01001,2349.01001,2824710000,130.270004,131.199997,130.190002,130.970001,128.695129,1606600
2374,2017-04-18,2342.530029,2348.350098,2334.540039,2342.189941,2342.189941,3269840000,130.550003,131.16000400000001,130.059998,130.91000400000001,128.636185,792800
2375,2017-04-19,2346.790039,2352.629883,2335.050049,2338.169922,2338.169922,3519900000,131.559998,132.270004,130.990005,131.820007,129.53038,1018500
2376,2017-04-20,2342.689941,2361.3701170000004,2340.909912,2355.840088,2355.840088,3647420000,131.809998,133.029999,131.199997,132.759995,130.454056,972800
2377,2017-04-21,2354.73999,2356.179932,2344.51001,2348.689941,2348.689941,3503360000,132.600006,133.429993,132.270004,132.940002,130.630905,943100
2378,2017-04-24,2370.330078,2376.97998,2369.189941,2374.149902,2374.149902,3690650000,133.96000700000002,134.78999299999998,133.729996,134.449997,132.114685,1300300
2379,2017-04-25,2381.51001,2392.47998,2381.149902,2388.610107,2388.610107,3995240000,134.929993,136.03999299999998,134.46000700000002,135.58999599999999,133.234879,1481700
2380,2017-04-26,2388.97998,2398.159912,2386.780029,2387.449951,2387.449951,4105920000,134.649994,136.41000400000001,131.669998,136.190002,133.82446299999998,2316800
2381,2017-04-27,2389.699951,2392.100098,2382.679932,2388.77002,2388.77002,4098460000,136.369995,136.600006,135.259995,135.369995,133.018707,995300
2382,2017-04-28,2393.679932,2393.679932,2382.360107,2384.199951,2384.199951,3718270000,135.100006,136.470001,135.100006,136.369995,134.001328,1528000
2383,2017-05-01,2388.5,2394.48999,2384.830078,2388.330078,2388.330078,3199240000,136.429993,136.71000700000002,135.41000400000001,135.770004,133.411774,851700
2384,2017-05-02,2391.050049,2392.929932,2385.820068,2391.169922,2391.169922,3813680000,136.020004,136.78999299999998,135.5,136.169998,133.80481,1271200
2385,2017-05-03,2386.5,2389.820068,2379.75,2388.129883,2388.129883,3893990000,136.0,136.270004,135.020004,135.71000700000002,133.352814,734000
2386,2017-05-04,2389.790039,2391.429932,2380.350098,2389.52002,2389.52002,4362540000,135.639999,135.649994,134.78999299999998,134.979996,132.635483,1038400
2387,2017-05-05,2392.3701170000004,2399.290039,2389.379883,2399.290039,2399.290039,3540140000,135.429993,136.0,134.770004,135.96000700000002,133.598465,710600
2388,2017-05-08,2399.939941,2401.360107,2393.919922,2399.379883,2399.379883,3429440000,135.78999299999998,136.0,134.600006,134.850006,132.507751,747600
2389,2017-05-09,2401.580078,2403.8701170000004,2392.439941,2396.919922,2396.919922,3653590000,134.809998,135.46000700000002,134.5,134.869995,132.52739,926300
2390,2017-05-10,2396.790039,2399.73999,2392.790039,2399.629883,2399.629883,3643530000,134.58999599999999,134.66000400000001,133.509995,134.03999299999998,131.711807,1653300
2391,2017-05-11,2394.840088,2395.719971,2381.73999,2394.439941,2394.439941,3727420000,133.889999,135.080002,133.330002,134.83999599999999,132.49791000000002,822800
2392,2017-05-12,2392.439941,2392.439941,2387.189941,2390.899902,2390.899902,3305630000,134.630005,135.110001,134.330002,134.820007,132.47828700000002,654800
2393,2017-05-15,2393.97998,2404.050049,2393.939941,2402.320068,2402.320068,3473600000,134.809998,136.16000400000001,134.169998,136.029999,133.667252,772500
2394,2017-05-16,2404.550049,2405.77002,2396.050049,2400.669922,2400.669922,3420790000,135.820007,136.690002,134.360001,134.770004,132.429138,1108600
2395,2017-05-17,2382.949951,2384.8701170000004,2356.209961,2357.030029,2357.030029,4163000000,134.770004,134.990005,133.479996,133.53999299999998,131.220474,937000
2396,2017-05-18,2354.689941,2375.73999,2352.719971,2365.719971,2365.719971,4319420000,133.53999299999998,135.630005,132.440002,134.83999599999999,132.49791000000002,981400
2397,2017-05-19,2371.3701170000004,2389.060059,2370.429932,2381.72998,2381.72998,3825160000,135.100006,136.830002,134.78999299999998,136.809998,134.433685,1339700
2398,2017-05-22,2387.209961,2395.459961,2386.919922,2394.02002,2394.02002,3172830000,136.820007,139.21000700000002,136.820007,138.639999,136.23190300000002,1475000
2399,2017-05-23,2397.040039,2400.850098,2393.879883,2398.419922,2398.419922,3213570000,138.699997,140.300003,138.639999,139.899994,137.470016,1446600
2400,2017-05-24,2401.409912,2405.580078,2397.98999,2404.389893,2404.389893,3389900000,139.96000700000002,140.33999599999999,139.830002,139.990005,137.558487,1121400
2401,2017-05-25,2409.540039,2418.709961,2408.01001,2415.070068,2415.070068,3535390000,140.259995,141.21000700000005,139.770004,140.850006,138.403534,1201800
2402,2017-05-26,2414.5,2416.679932,2412.199951,2415.820068,2415.820068,2805040000,140.970001,141.58999599999999,140.399994,141.270004,138.816223,827500
2403,2017-05-30,2411.669922,2415.26001,2409.429932,2412.909912,2412.909912,3203160000,140.990005,142.050003,140.850006,141.979996,139.51388500000002,779100
2404,2017-05-31,2415.629883,2415.98999,2403.590088,2411.800049,2411.800049,4516110000,142.559998,143.199997,141.970001,142.96000700000005,140.476898,1764900
2405,2017-06-01,2415.649902,2430.060059,2413.540039,2430.060059,2430.060059,3857140000,142.800003,144.699997,142.440002,144.699997,142.18666100000004,971600
2406,2017-06-02,2431.280029,2440.22998,2427.709961,2439.070068,2439.070068,3461680000,145.259995,145.619995,144.050003,144.479996,141.970474,1469600
2407,2017-06-05,2437.830078,2439.550049,2434.320068,2436.100098,2436.100098,2912600000,144.699997,144.78999299999995,143.770004,144.220001,141.715012,1098900
2408,2017-06-06,2431.919922,2436.209961,2428.1201170000004,2429.330078,2429.330078,3357840000,143.75,144.66000400000001,143.75,144.050003,141.547958,777800
2409,2017-06-07,2432.030029,2435.280029,2424.75,2433.139893,2433.139893,3572300000,144.600006,145.009995,143.529999,144.440002,141.931183,685500
2410,2017-06-08,2434.27002,2439.27002,2427.939941,2433.790039,2433.790039,3728860000,144.440002,144.619995,141.529999,142.429993,139.95606999999998,1677800
2411,2017-06-09,2436.389893,2446.199951,2415.699951,2431.77002,2431.77002,4027340000,142.600006,143.0,141.220001,141.869995,139.405807,1194600
2412,2017-06-12,2425.879883,2430.379883,2419.969971,2429.389893,2429.389893,4027750000,141.580002,141.759995,139.020004,140.619995,138.17752099999998,1657200
2413,2017-06-13,2434.149902,2441.48999,2431.280029,2440.350098,2440.350098,3275500000,141.059998,141.809998,139.880005,141.179993,138.727798,1002200
2414,2017-06-14,2443.75,2443.75,2428.340088,2437.919922,2437.919922,3555590000,141.75,142.66000400000001,141.220001,141.889999,139.425476,1143800
2415,2017-06-15,2424.139893,2433.949951,2418.530029,2432.459961,2432.459961,3353050000,141.080002,141.470001,139.759995,141.229996,138.776917,1037400
2416,2017-06-16,2431.23999,2433.149902,2422.879883,2433.149902,2433.149902,5284720000,141.5,142.360001,140.830002,142.240005,139.769363,1583300
2417,2017-06-19,2442.550049,2453.820068,2441.790039,2453.459961,2453.459961,3264700000,142.649994,143.169998,140.869995,141.380005,138.92434699999998,1307200
2418,2017-06-20,2450.659912,2450.659912,2436.600098,2437.030029,2437.030029,3416510000,141.440002,142.320007,140.820007,140.979996,138.53125,1053600
2419,2017-06-21,2439.310059,2442.22998,2430.73999,2435.610107,2435.610107,3594820000,141.449997,141.970001,140.41000400000001,140.800003,138.354401,1458200
2420,2017-06-22,2437.399902,2441.6201170000004,2433.27002,2434.5,2434.5,3468210000,140.449997,141.399994,140.33999599999999,141.220001,138.76710500000002,1252900
2421,2017-06-23,2434.649902,2441.399902,2431.110107,2438.300049,2438.300049,5278330000,141.190002,141.990005,140.679993,141.119995,138.668823,1161200
2422,2017-06-26,2443.320068,2450.419922,2437.030029,2439.070068,2439.070068,3238970000,141.169998,141.720001,139.800003,139.91000400000001,137.479858,702500
2423,2017-06-27,2436.340088,2440.149902,2419.379883,2419.379883,2419.379883,3563910000,139.91000400000001,140.53999299999998,139.240005,139.58999599999999,137.165405,804500
2424,2017-06-28,2428.699951,2442.969971,2428.02002,2440.689941,2440.689941,3500800000,139.949997,140.190002,139.479996,139.800003,137.791275,700900
2425,2017-06-29,2442.379883,2442.72998,2405.699951,2419.699951,2419.699951,3900280000,140.0,140.21000700000002,137.770004,138.809998,136.815506,1270600
2426,2017-06-30,2429.199951,2432.709961,2421.649902,2423.409912,2423.409912,3361590000,138.970001,139.71000700000002,138.779999,138.779999,136.785934,1081900
2427,2017-07-03,2431.389893,2439.169922,2428.689941,2429.01001,2429.01001,1962290000,139.229996,139.429993,138.08999599999999,138.220001,136.233994,487600
2428,2017-07-05,2430.780029,2434.899902,2422.050049,2432.540039,2432.540039,3367220000,138.559998,139.979996,138.190002,139.740005,137.732147,1040900
2429,2017-07-06,2423.439941,2424.280029,2407.699951,2409.75,2409.75,3364520000,139.149994,139.46000700000002,138.0,139.270004,137.26890600000002,1182400
2430,2017-07-07,2413.52002,2426.919922,2413.52002,2425.179932,2425.179932,2901330000,139.779999,141.21000700000005,139.360001,141.119995,139.0923,1239800
2431,2017-07-10,2424.51001,2432.0,2422.27002,2427.429932,2427.429932,2999130000,140.860001,141.220001,140.429993,140.559998,138.540375,831100
2432,2017-07-11,2427.350098,2429.300049,2412.790039,2425.530029,2425.530029,3106750000,140.610001,141.059998,140.259995,140.5,138.481216,1006900
2433,2017-07-12,2435.75,2445.76001,2435.75,2443.25,2443.25,3171620000,141.029999,145.100006,140.880005,144.360001,142.285767,1884800
2434,2017-07-13,2444.98999,2449.320068,2441.689941,2447.830078,2447.830078,3067670000,144.360001,144.429993,142.91000400000001,143.199997,141.142426,1132500
2435,2017-07-14,2449.159912,2463.540039,2446.689941,2459.27002,2459.27002,2736640000,143.28999299999995,145.990005,143.28999299999995,145.399994,143.310806,901800
2436,2017-07-17,2459.5,2462.820068,2457.159912,2459.139893,2459.139893,2793170000,145.449997,145.779999,144.440002,144.809998,142.729309,702800
2437,2017-07-18,2455.879883,2460.919922,2450.340088,2460.610107,2460.610107,2962130000,144.600006,145.570007,144.0,145.369995,143.28125,922500
2438,2017-07-19,2463.850098,2473.830078,2463.850098,2473.830078,2473.830078,3059760000,145.53999299999995,146.449997,145.380005,146.220001,144.119049,733300
2439,2017-07-20,2475.560059,2477.6201170000004,2468.429932,2473.449951,2473.449951,3182780000,146.360001,147.779999,146.33999599999999,147.399994,145.282074,1011700
2440,2017-07-21,2467.399902,2472.540039,2465.060059,2472.540039,2472.540039,3059570000,147.429993,148.149994,145.91000400000001,146.190002,144.089462,1158600
2441,2017-07-24,2472.040039,2473.100098,2466.320068,2469.909912,2469.909912,3010240000,146.25,147.029999,145.300003,146.83999599999999,144.730133,869500
2442,2017-07-25,2477.879883,2481.23999,2474.909912,2477.129883,2477.129883,4108060000,147.490005,147.490005,145.53999299999995,146.059998,143.961319,963000
2443,2017-07-26,2479.969971,2481.689941,2474.939941,2477.830078,2477.830078,3557020000,146.03999299999995,146.240005,144.850006,145.75,143.655792,1107800
2444,2017-07-27,2482.76001,2484.040039,2459.929932,2475.419922,2475.419922,3995520000,145.779999,145.990005,142.970001,144.050003,141.980225,1465700
2445,2017-07-28,2469.1201170000004,2473.530029,2464.659912,2472.100098,2472.100098,3294770000,144.850006,147.91000400000001,144.850006,147.800003,145.676346,1927100
2446,2017-07-31,2475.939941,2477.959961,2468.530029,2470.300049,2470.300049,3469210000,147.91000400000001,147.91000400000001,146.580002,147.100006,144.986389,1452500
2447,2017-08-01,2477.100098,2478.51001,2471.139893,2476.350098,2476.350098,3460860000,147.580002,148.83999599999999,146.860001,147.869995,145.745331,1179900
2448,2017-08-02,2480.379883,2480.379883,2466.47998,2477.570068,2477.570068,3478580000,147.690002,147.899994,144.679993,145.139999,143.05455,1239100
2449,2017-08-03,2476.030029,2476.030029,2468.850098,2472.159912,2472.159912,3645020000,144.520004,146.419998,144.28999299999995,146.369995,144.266891,761100
2450,2017-08-04,2476.879883,2480.0,2472.080078,2476.830078,2476.830078,3235140000,147.08999599999999,147.08999599999999,145.889999,146.529999,144.424591,638400
2451,2017-08-07,2477.139893,2480.949951,2475.879883,2480.909912,2480.909912,2931780000,146.58999599999999,146.759995,146.100006,146.729996,144.621704,674900
2452,2017-08-08,2478.350098,2490.8701170000004,2470.320068,2474.919922,2474.919922,3344640000,146.479996,146.729996,145.860001,146.139999,144.040192,645100
2453,2017-08-09,2465.350098,2474.409912,2462.080078,2474.02002,2474.02002,3308060000,146.25,146.25,144.880005,145.179993,143.093979,1081000
2454,2017-08-10,2465.379883,2465.379883,2437.75,2438.209961,2438.209961,3621070000,144.820007,145.080002,143.809998,143.91000400000001,141.84223899999995,768200
2455,2017-08-11,2441.040039,2448.090088,2437.850098,2441.320068,2441.320068,3159930000,144.520004,144.78999299999995,143.53999299999995,144.179993,142.108353,846900
2456,2017-08-14,2454.959961,2468.219971,2454.959961,2465.840088,2465.840088,2822550000,144.979996,146.279999,144.71000700000005,146.0,143.902206,1102800
2457,2017-08-15,2468.659912,2468.899902,2461.610107,2464.610107,2464.610107,2913100000,146.28999299999995,147.830002,146.220001,147.440002,145.321518,1429500
2458,2017-08-16,2468.629883,2474.929932,2463.860107,2468.110107,2468.110107,2953650000,147.860001,148.03999299999995,147.169998,147.41000400000001,145.291931,876000
2459,2017-08-17,2462.949951,2465.02002,2430.01001,2430.01001,2430.01001,3142620000,147.350006,147.429993,145.330002,145.360001,143.271378,733300
2460,2017-08-18,2427.639893,2440.27002,2420.689941,2425.550049,2425.550049,3415680000,144.919998,145.440002,144.080002,144.28999299999995,142.216751,1673300
2461,2017-08-21,2425.5,2430.580078,2417.350098,2428.3701170000004,2428.3701170000004,2788150000,144.25,145.270004,143.830002,145.130005,143.044708,1099700
2462,2017-08-22,2433.75,2454.77002,2433.669922,2452.51001,2452.51001,2777490000,145.220001,146.690002,144.96000700000005,145.509995,143.41922,1491800
2463,2017-08-23,2444.879883,2448.909912,2441.419922,2444.040039,2444.040039,2785290000,141.0,141.429993,137.699997,138.360001,136.371964,4313100
2464,2017-08-24,2447.909912,2450.389893,2436.189941,2438.969971,2438.969971,2846590000,138.5,138.990005,138.139999,138.770004,136.776093,1340000
2465,2017-08-25,2444.719971,2453.959961,2442.219971,2443.050049,2443.050049,2588780000,139.940002,140.33999599999999,139.33999599999999,139.880005,137.870163,1397200
2466,2017-08-28,2447.350098,2449.1201170000004,2439.030029,2444.23999,2444.23999,2677700000,140.600006,140.600006,139.100006,139.570007,137.564606,1190700
2467,2017-08-29,2431.939941,2449.189941,2428.199951,2446.300049,2446.300049,2737580000,139.0,139.570007,138.75,139.41000400000001,137.406906,785300
2468,2017-08-30,2446.060059,2460.310059,2443.77002,2457.590088,2457.590088,2633660000,139.199997,139.759995,138.559998,139.330002,137.328033,789600
2469,2017-08-31,2462.649902,2475.01001,2462.649902,2471.649902,2471.649902,3348110000,139.330002,141.58999599999999,139.330002,141.369995,139.33871499999998,1305900
2470,2017-09-01,2474.419922,2480.379883,2473.850098,2476.550049,2476.550049,2710730000,141.53999299999995,141.78999299999995,140.199997,141.08999599999999,139.06274399999998,932300
2471,2017-09-05,2470.350098,2471.969971,2446.550049,2457.850098,2457.850098,3490260000,140.470001,142.259995,140.449997,141.610001,139.575287,1643600
2472,2017-09-06,2463.830078,2469.639893,2459.199951,2465.540039,2465.540039,3374410000,141.899994,141.91000400000001,139.509995,141.119995,139.0923,1108700
2473,2017-09-07,2468.060059,2468.6201170000004,2460.290039,2465.100098,2465.100098,3353930000,141.330002,142.559998,141.0,142.220001,140.176498,746800
2474,2017-09-08,2462.25,2467.110107,2459.399902,2461.429932,2461.429932,3302490000,142.229996,143.070007,142.220001,142.5,140.452484,863000
2475,2017-09-11,2474.52002,2488.949951,2474.52002,2488.110107,2488.110107,3291760000,143.21000700000005,143.690002,142.429993,143.690002,141.625381,1043700
2476,2017-09-12,2491.939941,2496.77002,2490.3701170000004,2496.47998,2496.47998,3230920000,143.690002,143.820007,142.740005,143.529999,141.467697,802200
2477,2017-09-13,2493.889893,2498.3701170000004,2492.139893,2498.3701170000004,2498.3701170000004,3368050000,143.5,144.16000400000001,142.720001,143.029999,140.974854,1423600
2478,2017-09-14,2494.560059,2498.429932,2491.350098,2495.6201170000004,2495.6201170000004,3414460000,142.78999299999995,144.929993,142.759995,144.490005,142.413895,1570400
2479,2017-09-15,2495.669922,2500.22998,2493.159912,2500.22998,2500.22998,4853170000,144.720001,145.03999299999995,143.309998,143.880005,141.812653,3154000
2480,2017-09-18,2502.51001,2508.320068,2499.919922,2503.8701170000004,2503.8701170000004,3194300000,144.149994,144.830002,143.770004,144.529999,142.45330800000005,810700
2481,2017-09-19,2506.290039,2507.840088,2503.189941,2506.649902,2506.649902,3249100000,144.949997,144.949997,142.899994,143.03999299999995,140.984726,818200
2482,2017-09-20,2506.840088,2508.850098,2496.669922,2508.23999,2508.23999,3530010000,143.46000700000005,143.71000700000005,141.699997,142.71000700000005,140.65947,655500
2483,2017-09-21,2507.159912,2507.159912,2499.0,2500.600098,2500.600098,2930860000,142.300003,142.639999,140.639999,140.669998,138.648788,848000
2484,2017-09-22,2497.26001,2503.469971,2496.540039,2502.219971,2502.219971,2865960000,141.009995,141.190002,140.270004,140.889999,138.865616,713900
2485,2017-09-25,2499.389893,2502.540039,2488.030029,2496.659912,2496.659912,3297890000,140.889999,141.330002,138.940002,140.139999,138.126404,917200
2486,2017-09-26,2501.040039,2503.51001,2495.1201170000004,2496.840088,2496.840088,3043110000,140.78999299999995,141.520004,140.279999,141.080002,139.052887,856600
2487,2017-09-27,2503.300049,2511.75,2495.909912,2507.040039,2507.040039,3456030000,141.300003,141.5,139.740005,140.970001,138.944473,757400
2488,2017-09-28,2503.409912,2510.810059,2502.929932,2510.060059,2510.060059,3168620000,140.830002,141.0,139.509995,140.220001,138.623154,686100
2489,2017-09-29,2509.959961,2519.439941,2507.98999,2519.360107,2519.360107,3211920000,140.41000400000001,142.080002,140.21000700000002,142.020004,140.402679,1204200
2490,2017-10-02,2521.199951,2529.22998,2520.399902,2529.1201170000004,2529.1201170000004,3199730000,142.419998,143.610001,141.679993,143.509995,141.875702,1056300
2491,2017-10-03,2530.340088,2535.129883,2528.850098,2534.580078,2534.580078,3068850000,143.800003,144.470001,143.429993,143.630005,141.99435400000004,1105100
2492,2017-10-04,2533.47998,2540.530029,2531.800049,2537.73999,2537.73999,3017120000,143.880005,146.419998,143.860001,145.970001,144.307693,1177500
2493,2017-10-05,2540.860107,2552.51001,2540.02002,2552.070068,2552.070068,3045120000,145.96000700000005,148.350006,145.5,148.309998,146.621033,1686200
2494,2017-10-06,2547.439941,2549.409912,2543.790039,2549.330078,2549.330078,2884570000,148.16000400000001,149.229996,147.919998,149.0,147.303177,1129000
2495,2017-10-09,2551.389893,2551.820068,2541.600098,2544.72998,2544.72998,2483970000,148.66000400000001,149.059998,145.520004,145.929993,144.26814299999995,1472600
2496,2017-10-10,2549.98999,2555.22998,2544.860107,2550.639893,2550.639893,2960500000,145.729996,146.550003,143.550003,144.690002,143.04226699999995,1714900
2497,2017-10-11,2550.6201170000004,2555.23999,2547.949951,2555.23999,2555.23999,2976090000,145.490005,146.600006,144.91000400000001,146.41000400000001,144.742676,1394500
2498,2017-10-12,2552.879883,2555.330078,2548.310059,2550.929932,2550.929932,3151510000,146.149994,146.860001,145.779999,146.559998,144.890961,823500
2499,2017-10-13,2555.659912,2557.649902,2552.090088,2553.169922,2553.169922,3149440000,146.46000700000005,146.779999,146.100006,146.690002,145.019501,667200
2500,2017-10-16,2555.570068,2559.469971,2552.639893,2557.639893,2557.639893,2916020000,146.46000700000005,147.580002,146.259995,147.28999299999995,145.61265600000004,950500
2501,2017-10-17,2557.169922,2559.709961,2554.689941,2559.360107,2559.360107,2889390000,147.0,148.970001,146.649994,148.78999299999995,147.095566,1249000
2502,2017-10-18,2562.8701170000004,2564.110107,2559.669922,2561.26001,2561.26001,2998090000,149.0,150.0,148.46000700000005,148.639999,146.947281,866700
2503,2017-10-19,2553.389893,2562.360107,2547.919922,2562.100098,2562.100098,2990710000,148.820007,149.330002,148.050003,149.320007,147.619553,869000
2504,2017-10-20,2567.560059,2575.439941,2567.560059,2575.209961,2575.209961,3384650000,149.990005,150.509995,148.889999,150.490005,148.77623,1274400
2505,2017-10-23,2578.080078,2578.290039,2564.330078,2564.97998,2564.97998,3211710000,150.110001,151.880005,149.720001,149.919998,148.21270800000005,798100
2506,2017-10-24,2568.659912,2572.179932,2565.580078,2569.129883,2569.129883,3427330000,149.630005,149.850006,148.419998,149.690002,147.98533600000005,738100
2507,2017-10-25,2566.52002,2567.399902,2544.0,2557.149902,2557.149902,3874510000,149.320007,150.559998,149.020004,150.179993,148.469742,1100000
2508,2017-10-26,2560.080078,2567.070068,2559.800049,2560.399902,2560.399902,3869050000,150.21000700000005,150.679993,148.779999,148.820007,147.12524399999995,1226100
2509,2017-10-27,2570.26001,2582.97998,2565.939941,2581.070068,2581.070068,3887110000,155.0,160.619995,154.53999299999995,159.740005,157.920883,3209900
2510,2017-10-30,2577.75,2580.030029,2568.25,2572.830078,2572.830078,3658870000,159.490005,159.669998,153.83999599999999,155.369995,153.600647,2583500
2511,2017-10-31,2575.98999,2578.290039,2572.149902,2575.26001,2575.26001,3827230000,155.179993,156.550003,154.630005,154.869995,153.106339,1339400
2512,2017-11-01,2583.209961,2588.399902,2574.919922,2579.360107,2579.360107,3813180000,155.080002,155.240005,153.529999,154.429993,152.67134099999996,1284600
2513,2017-11-02,2579.459961,2581.110107,2566.169922,2579.850098,2579.850098,4048270000,154.429993,155.679993,154.25,155.020004,153.254639,1348100
2514,2017-11-03,2581.929932,2588.419922,2576.77002,2587.840088,2587.840088,3567710000,154.779999,156.220001,154.399994,156.179993,154.401413,1165600
2515,2017-11-06,2587.469971,2593.379883,2585.659912,2591.129883,2591.129883,3539080000,156.270004,156.740005,155.46000700000005,155.649994,153.877441,787500
2516,2017-11-07,2592.110107,2597.02002,2584.350098,2590.639893,2590.639893,3809650000,156.279999,156.429993,155.66000400000001,156.220001,154.440948,1114600
2517,2017-11-08,2588.709961,2595.469971,2585.02002,2594.379883,2594.379883,3899360000,156.020004,156.78999299999995,155.630005,156.46000700000005,154.678238,710200
2518,2017-11-09,2584.0,2586.5,2566.330078,2584.6201170000004,2584.6201170000004,3831610000,156.179993,157.070007,155.619995,156.619995,154.83639499999995,728400
2519,2017-11-10,2580.179932,2583.810059,2575.570068,2582.300049,2582.300049,3486910000,156.0,156.0,152.25,154.479996,152.720764,1267300
2520,2017-11-13,2576.530029,2587.659912,2574.47998,2584.840088,2584.840088,3402930000,154.0,156.119995,153.899994,155.75,153.976303,910500
2521,2017-11-14,2577.75,2579.659912,2566.560059,2578.8701170000004,2578.8701170000004,3641760000,155.279999,156.550003,154.179993,155.949997,154.174026,1011800
2522,2017-11-15,2569.449951,2572.840088,2557.449951,2564.6201170000004,2564.6201170000004,3558890000,155.690002,156.83999599999999,154.669998,154.800003,153.037125,701200
2523,2017-11-16,2572.949951,2590.090088,2572.949951,2585.639893,2585.639893,3312710000,156.630005,157.570007,156.020004,156.479996,154.69799799999996,1281600
2524,2017-11-17,2582.939941,2583.959961,2577.6201170000004,2578.850098,2578.850098,3300160000,155.690002,156.58999599999999,155.179993,155.399994,153.630295,937000
2525,2017-11-20,2579.48999,2584.639893,2578.23999,2582.139893,2582.139893,3003540000,155.449997,155.5,154.550003,154.75,152.987686,889800
2526,2017-11-21,2589.169922,2601.189941,2589.169922,2599.030029,2599.030029,3332720000,155.759995,156.110001,155.220001,155.729996,153.95654299999995,998000
2527,2017-11-22,2600.310059,2600.939941,2595.22998,2597.080078,2597.080078,2762950000,155.630005,155.880005,154.130005,154.78999299999995,153.027237,874400
2528,2017-11-24,2600.419922,2604.209961,2600.419922,2602.419922,2602.419922,1349780000,154.850006,155.149994,153.610001,154.669998,152.908615,581100
2529,2017-11-27,2602.659912,2606.409912,2598.8701170000004,2601.419922,2601.419922,3006860000,154.940002,155.220001,154.350006,155.119995,153.35347,1076800
2530,2017-11-28,2605.939941,2627.689941,2605.439941,2627.040039,2627.040039,3488420000,155.729996,155.919998,154.380005,155.779999,154.00598100000005,979500
2531,2017-11-29,2627.820068,2634.889893,2620.320068,2626.070068,2626.070068,4078280000,155.869995,155.880005,153.619995,154.100006,152.345123,1284800
2532,2017-11-30,2633.929932,2657.73999,2633.929932,2647.580078,2647.580078,4938490000,154.46000700000005,156.889999,153.71000700000005,156.0,154.22348,3337700
2533,2017-12-01,2645.100098,2650.6201170000004,2605.52002,2642.219971,2642.219971,3942320000,156.050003,156.470001,153.470001,155.869995,154.094955,1263900
2534,2017-12-04,2657.189941,2665.189941,2639.030029,2639.439941,2639.439941,4023150000,156.16000400000001,156.470001,152.149994,152.360001,150.624924,1351000
2535,2017-12-05,2639.780029,2648.719971,2627.72998,2629.570068,2629.570068,3539040000,152.440002,153.850006,151.850006,152.029999,150.298676,982400
2536,2017-12-06,2626.23999,2634.409912,2624.75,2629.27002,2629.27002,3229000000,152.119995,152.41000400000001,151.130005,151.759995,150.031738,1090500
2537,2017-12-07,2628.379883,2640.98999,2626.530029,2636.97998,2636.97998,3292400000,152.220001,153.470001,150.240005,151.149994,149.428696,1145400
2538,2017-12-08,2646.209961,2651.649902,2644.100098,2651.5,2651.5,3106150000,151.679993,152.449997,151.179993,151.929993,150.199829,688000
2539,2017-12-11,2652.189941,2660.330078,2651.469971,2659.98999,2659.98999,3091950000,151.809998,152.729996,151.66000400000001,152.71000700000005,150.970932,826200
2540,2017-12-12,2661.72998,2669.719971,2659.780029,2664.110107,2664.110107,3555680000,153.029999,154.320007,152.490005,153.669998,151.919998,1078000
2541,2017-12-13,2667.590088,2671.879883,2662.850098,2662.850098,2662.850098,3542370000,153.770004,154.199997,152.96000700000005,153.309998,151.564102,1358800
2542,2017-12-14,2665.8701170000004,2668.090088,2652.01001,2652.01001,2652.01001,3430030000,153.21000700000005,153.649994,151.220001,151.33999599999999,149.616531,1406700
2543,2017-12-15,2660.629883,2679.629883,2659.139893,2675.810059,2675.810059,5723920000,152.610001,154.550003,152.020004,154.25,152.493393,2103800
2544,2017-12-18,2685.919922,2694.969971,2685.919922,2690.159912,2690.159912,3724660000,154.940002,156.0,154.759995,155.490005,153.71928400000004,1003600
2545,2017-12-19,2692.709961,2694.439941,2680.73999,2681.469971,2681.469971,3368590000,155.800003,156.529999,155.119995,155.259995,153.491882,853900
2546,2017-12-20,2688.179932,2691.01001,2676.110107,2679.25,2679.25,3241030000,155.58999599999999,156.330002,154.320007,154.779999,153.01736499999996,1208500
2547,2017-12-21,2683.02002,2692.639893,2682.399902,2684.570068,2684.570068,3273390000,155.259995,155.41000400000001,153.619995,154.100006,152.345123,890100
2548,2017-12-22,2684.219971,2685.350098,2678.129883,2683.340088,2683.340088,2399830000,154.130005,154.449997,153.5,154.139999,152.384659,581300
2549,2017-12-26,2679.090088,2682.73999,2677.959961,2680.5,2680.5,1968780000,154.229996,155.139999,154.149994,154.21000700000005,152.45384199999995,347500
2550,2017-12-27,2682.100098,2685.639893,2678.909912,2682.6201170000004,2682.6201170000004,2202080000,154.639999,155.860001,154.16000400000001,155.619995,153.847794,905400
2551,2017-12-28,2686.100098,2687.659912,2682.689941,2687.540039,2687.540039,2153330000,155.330002,156.25,154.979996,155.619995,154.313858,655700
2552,2017-12-29,2689.149902,2692.1201170000004,2673.610107,2673.610107,2673.610107,2443490000,156.130005,156.259995,154.83999599999999,154.83999599999999,153.54039,785700
2553,2018-01-02,2683.72998,2695.889893,2682.360107,2695.810059,2695.810059,3367250000,156.649994,158.399994,155.649994,157.899994,156.57470700000005,1060800
2554,2018-01-03,2697.850098,2714.3701170000004,2697.77002,2713.060059,2713.060059,3538660000,157.880005,160.320007,157.41000400000001,158.78999299999995,157.45723,1398700
2555,2018-01-04,2719.310059,2729.290039,2719.070068,2723.98999,2723.98999,3695260000,159.229996,159.820007,158.479996,158.740005,157.407669,861700
2556,2018-01-05,2731.330078,2743.449951,2727.919922,2743.149902,2743.149902,3236620000,159.440002,161.320007,159.009995,161.059998,159.708191,962700
2557,2018-01-08,2742.669922,2748.51001,2737.600098,2747.709961,2747.709961,3242650000,160.679993,163.740005,160.449997,163.259995,161.889725,1240300
2558,2018-01-09,2751.149902,2759.139893,2747.860107,2751.290039,2751.290039,3453480000,163.53999299999995,164.199997,159.259995,160.779999,159.430542,1817400
2559,2018-01-10,2745.550049,2750.800049,2736.060059,2748.22998,2748.22998,3576350000,160.399994,160.899994,157.71000700000005,159.53999299999995,158.200958,1255000
2560,2018-01-11,2752.969971,2767.560059,2752.780029,2767.560059,2767.560059,3641320000,159.570007,160.259995,157.850006,158.600006,157.268829,1129600
2561,2018-01-12,2770.179932,2787.850098,2769.639893,2786.23999,2786.23999,3573970000,159.0,161.75,158.029999,158.229996,156.901947,1139000
2562,2018-01-16,2798.959961,2807.540039,2768.639893,2776.419922,2776.419922,4325970000,159.360001,160.899994,158.850006,159.470001,158.131531,1369600
2563,2018-01-17,2784.98999,2807.040039,2778.379883,2802.560059,2802.560059,3778050000,160.0,160.46000700000005,159.050003,160.270004,158.92481999999995,1287900
2564,2018-01-18,2802.399902,2805.830078,2792.560059,2798.030029,2798.030029,3681470000,160.08999599999999,160.820007,159.940002,160.279999,158.93473799999995,1364200
2565,2018-01-19,2802.600098,2810.330078,2798.080078,2810.300049,2810.300049,3639430000,161.020004,161.83999599999999,160.300003,161.279999,159.926346,1196700
2566,2018-01-22,2809.159912,2833.030029,2808.1201170000004,2832.969971,2832.969971,3471780000,161.300003,162.66000400000001,160.630005,162.520004,161.15596000000005,1354700
2567,2018-01-23,2835.050049,2842.23999,2830.590088,2839.129883,2839.129883,3519650000,162.580002,163.649994,161.740005,161.940002,160.580811,1103500
2568,2018-01-24,2845.419922,2852.969971,2824.810059,2837.540039,2837.540039,4014070000,162.83999599999999,164.979996,162.630005,164.490005,163.109406,1332300
2569,2018-01-25,2846.23999,2848.560059,2830.939941,2839.25,2839.25,3835150000,165.16000400000001,165.71000700000005,164.229996,165.550003,164.160507,1009500
2570,2018-01-26,2847.47998,2872.8701170000004,2846.179932,2872.8701170000004,2872.8701170000004,3443230000,165.649994,169.009995,165.28999299999995,168.91000400000001,167.49231,1310200
2571,2018-01-29,2867.22998,2870.6201170000004,2851.47998,2853.530029,2853.530029,3573830000,168.779999,170.0,168.300003,168.75,167.333649,1558100
2572,2018-01-30,2832.73999,2837.75,2818.27002,2822.429932,2822.429932,3990650000,167.479996,168.639999,166.309998,168.449997,167.036163,2171800
2573,2018-01-31,2832.409912,2839.26001,2813.040039,2823.810059,2823.810059,4261280000,168.110001,168.110001,163.449997,164.380005,163.000336,2846500
2574,2018-02-01,2816.449951,2835.959961,2812.699951,2821.97998,2821.97998,3938450000,163.850006,165.270004,163.28999299999995,164.779999,163.396973,1495500
2575,2018-02-02,2808.919922,2808.919922,2759.969971,2762.129883,2762.129883,4301130000,163.809998,164.53999299999995,162.03999299999995,162.25,160.88821399999995,1240900
2576,2018-02-05,2741.060059,2763.389893,2638.169922,2648.939941,2648.939941,5283460000,161.449997,162.669998,152.009995,154.399994,153.10408,2576000
2577,2018-02-06,2614.780029,2701.040039,2593.070068,2695.139893,2695.139893,5891660000,150.71000700000005,155.429993,150.330002,154.139999,152.84626799999995,2754400
2578,2018-02-07,2690.949951,2727.669922,2681.330078,2681.659912,2681.659912,4626570000,153.600006,156.759995,153.270004,153.669998,152.38021899999995,1607900
2579,2018-02-08,2685.01001,2685.27002,2580.560059,2581.0,2581.0,5305440000,153.669998,154.360001,147.919998,148.009995,146.76771499999995,1654200
2580,2018-02-09,2601.780029,2638.669922,2532.689941,2619.550049,2619.550049,5680070000,149.270004,152.479996,146.800003,151.220001,149.95078999999996,1550100
2581,2018-02-12,2636.75,2672.610107,2622.449951,2656.0,2656.0,4055790000,152.5,154.770004,152.020004,153.66000400000001,152.3703,1568600
2582,2018-02-13,2646.27002,2668.840088,2637.080078,2662.939941,2662.939941,3472870000,152.610001,155.009995,152.300003,154.559998,153.262741,950000
2583,2018-02-14,2651.209961,2702.100098,2648.8701170000004,2698.629883,2698.629883,4003740000,153.699997,156.779999,153.330002,156.240005,154.92865,1792200
2584,2018-02-15,2713.459961,2731.51001,2689.820068,2731.199951,2731.199951,3684910000,157.41000400000001,158.58999599999999,156.130005,158.53999299999995,157.209335,1161000
2585,2018-02-16,2727.139893,2754.419922,2725.110107,2732.219971,2732.219971,3637460000,158.229996,161.309998,158.179993,159.869995,158.528183,1064600
2586,2018-02-20,2722.98999,2737.600098,2706.76001,2716.26001,2716.26001,3627610000,159.139999,159.919998,157.770004,158.740005,157.407669,1118900
2587,2018-02-21,2720.530029,2747.75,2701.290039,2701.330078,2701.330078,3779400000,158.78999299999995,160.71000700000005,157.770004,157.880005,156.554886,1428600
2588,2018-02-22,2710.419922,2731.26001,2697.77002,2703.959961,2703.959961,3701270000,158.83999599999999,160.529999,158.179993,158.96000700000005,157.625824,811500
2589,2018-02-23,2715.800049,2747.76001,2713.73999,2747.300049,2747.300049,3189190000,159.639999,161.75,158.889999,161.699997,160.342804,983100
2590,2018-02-26,2757.3701170000004,2780.639893,2753.780029,2779.600098,2779.600098,3424650000,163.149994,165.979996,162.949997,165.770004,164.37866200000005,1788900
2591,2018-02-27,2780.449951,2789.149902,2744.219971,2744.280029,2744.280029,3745080000,166.08999599999999,166.759995,164.119995,164.119995,162.74250800000004,1196700
2592,2018-02-28,2753.780029,2761.52002,2713.540039,2713.830078,2713.830078,4230660000,165.169998,165.869995,162.100006,162.16000400000001,160.79896499999995,1358000
2593,2018-03-01,2715.219971,2730.889893,2659.649902,2677.669922,2677.669922,4503970000,161.820007,162.08999599999999,158.21000700000005,159.28999299999995,157.953049,1352400
2594,2018-03-02,2658.889893,2696.25,2647.320068,2691.25,2691.25,3882450000,158.300003,161.229996,158.300003,160.800003,159.450378,1108100
2595,2018-03-05,2681.060059,2728.090088,2675.75,2720.939941,2720.939941,3710810000,160.0,163.21000700000005,159.880005,162.53999299999995,161.17576599999995,903000
2596,2018-03-06,2730.179932,2732.080078,2711.26001,2728.1201170000004,2728.1201170000004,3370690000,163.25,163.41000400000001,161.740005,162.729996,161.36416599999995,878500
2597,2018-03-07,2710.179932,2730.600098,2701.73999,2726.800049,2726.800049,3393270000,161.240005,163.649994,161.110001,162.990005,161.621994,1096500
2598,2018-03-08,2732.75,2740.449951,2722.649902,2738.969971,2738.969971,3212320000,163.440002,164.619995,162.66000400000001,163.350006,161.978973,1250800
2599,2018-03-09,2752.909912,2786.570068,2751.540039,2786.570068,2786.570068,3364100000,164.360001,167.619995,163.83999599999999,166.41000400000001,165.01328999999996,1684000
2600,2018-03-12,2790.540039,2796.97998,2779.26001,2783.02002,2783.02002,3185020000,166.309998,168.41000400000001,165.820007,167.889999,166.480865,1580000
2601,2018-03-13,2792.310059,2801.899902,2758.679932,2765.310059,2765.310059,3301650000,168.919998,168.919998,166.66000400000001,167.110001,165.707413,1295600
2602,2018-03-14,2774.060059,2777.110107,2744.379883,2749.47998,2749.47998,3391360000,167.75,168.380005,165.83999599999999,166.380005,164.983551,736700
2603,2018-03-15,2754.27002,2763.030029,2741.469971,2747.330078,2747.330078,3500330000,166.83999599999999,167.029999,165.830002,166.449997,165.052948,898400
2604,2018-03-16,2750.570068,2761.850098,2749.969971,2752.01001,2752.01001,5372340000,166.53999299999995,168.300003,165.919998,167.509995,166.104034,2045100
2605,2018-03-19,2741.379883,2741.379883,2694.590088,2712.919922,2712.919922,3302130000,167.240005,167.75,164.639999,166.029999,164.636459,1160600
2606,2018-03-20,2715.050049,2724.219971,2710.050049,2716.939941,2716.939941,3261030000,166.559998,167.369995,165.369995,166.509995,165.112442,856700
2607,2018-03-21,2714.98999,2739.139893,2709.790039,2711.929932,2711.929932,3415510000,166.820007,166.970001,164.559998,164.729996,163.347382,907300
2608,2018-03-22,2691.360107,2695.679932,2641.590088,2643.689941,2643.689941,3739800000,163.600006,164.03999299999995,160.529999,160.809998,159.460281,980200
2609,2018-03-23,2646.709961,2657.669922,2585.889893,2588.26001,2588.26001,3815080000,160.490005,161.25,157.440002,157.570007,156.24748200000005,1227400
2610,2018-03-26,2619.350098,2661.360107,2601.810059,2658.550049,2658.550049,3511100000,159.740005,160.399994,158.009995,160.399994,159.053726,1336100
2611,2018-03-27,2667.570068,2674.780029,2596.1201170000004,2612.6201170000004,2612.6201170000004,3706350000,160.949997,161.990005,157.580002,158.53999299999995,157.209335,961800
2612,2018-03-28,2611.300049,2632.649902,2593.060059,2605.0,2605.0,3864500000,158.449997,159.509995,157.320007,157.970001,157.109894,822100
2613,2018-03-29,2614.409912,2659.070068,2609.719971,2640.8701170000004,2640.8701170000004,3565990000,158.940002,162.360001,158.279999,160.919998,160.043823,1583900
2614,2018-04-02,2633.449951,2638.300049,2553.800049,2581.879883,2581.879883,3598520000,160.919998,161.360001,154.509995,156.25,155.399246,1239400
2615,2018-04-03,2592.169922,2619.139893,2575.48999,2614.449951,2614.449951,3392810000,156.53999299999995,159.190002,155.119995,159.08999599999999,158.22378500000005,1449900
2616,2018-04-04,2584.040039,2649.860107,2573.610107,2644.689941,2644.689941,3350340000,156.5,159.399994,156.16000400000001,158.830002,157.96521,1022000
2617,2018-04-05,2657.360107,2672.080078,2649.580078,2662.840088,2662.840088,3178970000,160.009995,161.050003,158.729996,160.070007,159.198456,773500
2618,2018-04-06,2645.820068,2656.879883,2586.27002,2604.469971,2604.469971,3299700000,159.190002,159.880005,153.759995,155.169998,154.325119,929500
2619,2018-04-09,2617.179932,2653.550049,2610.790039,2613.159912,2613.159912,3062960000,156.440002,159.080002,155.58999599999999,157.050003,156.194901,1134900
2620,2018-04-10,2638.409912,2665.449951,2635.780029,2656.8701170000004,2656.8701170000004,3543930000,158.559998,161.149994,158.240005,160.380005,159.506775,1222800
2621,2018-04-11,2643.889893,2661.429932,2639.25,2642.189941,2642.189941,3020760000,158.729996,159.850006,157.399994,157.850006,156.990555,942600
2622,2018-04-12,2653.830078,2674.719971,2653.830078,2663.98999,2663.98999,3021320000,159.119995,159.83999599999999,158.059998,158.559998,157.696671,1043100
2623,2018-04-13,2676.899902,2680.26001,2645.050049,2656.300049,2656.300049,2960910000,159.830002,160.080002,157.360001,158.350006,157.487823,818900
2624,2018-04-16,2670.100098,2686.48999,2665.159912,2677.840088,2677.840088,3019700000,160.300003,162.630005,159.600006,162.059998,161.177612,1097700
2625,2018-04-17,2692.73999,2713.340088,2692.050049,2706.389893,2706.389893,3234360000,162.929993,164.149994,160.919998,163.649994,162.758957,1091200
2626,2018-04-18,2710.110107,2717.48999,2703.629883,2708.639893,2708.639893,3383410000,163.889999,165.320007,163.190002,164.71000700000005,163.813202,1425400
2627,2018-04-19,2701.159912,2702.840088,2681.899902,2693.129883,2693.129883,3349370000,164.199997,164.66000400000001,162.470001,163.550003,162.6595,1197000
2628,2018-04-20,2692.560059,2693.939941,2660.610107,2670.139893,2670.139893,3388590000,163.83999599999999,165.199997,163.360001,164.25,163.355682,2041700
2629,2018-04-23,2675.399902,2682.860107,2657.98999,2670.290039,2670.290039,3017480000,164.820007,167.779999,164.669998,166.779999,165.871918,1715200
2630,2018-04-24,2680.800049,2683.550049,2617.320068,2634.560059,2634.560059,3706740000,167.100006,167.669998,163.399994,164.71000700000005,163.813202,1279400
2631,2018-04-25,2634.919922,2645.300049,2612.669922,2639.399902,2639.399902,3499440000,163.990005,165.679993,162.58999599999999,165.380005,164.479538,1004600
2632,2018-04-26,2651.649902,2676.47998,2647.159912,2666.939941,2666.939941,3665720000,165.96000700000005,168.360001,164.779999,168.110001,167.194672,1254100
2633,2018-04-27,2675.469971,2677.350098,2659.01001,2669.909912,2669.909912,3219030000,170.220001,171.350006,166.5,170.669998,169.740723,1830400
2634,2018-04-30,2682.51001,2682.8701170000004,2648.040039,2648.050049,2648.050049,3734530000,171.630005,172.990005,169.419998,169.419998,168.49752800000005,2067300
2635,2018-05-01,2642.959961,2655.27002,2625.409912,2654.800049,2654.800049,3559850000,169.320007,169.970001,167.509995,168.940002,168.020172,1712700
2636,2018-05-02,2654.23999,2660.8701170000004,2631.699951,2635.669922,2635.669922,4010770000,168.259995,168.800003,166.509995,167.029999,166.12056,1346700
2637,2018-05-03,2628.080078,2637.139893,2594.6201170000004,2629.72998,2629.72998,3851470000,166.580002,167.389999,163.91000400000001,166.809998,165.901749,1176800
2638,2018-05-04,2621.449951,2670.929932,2615.320068,2663.419922,2663.419922,3327220000,165.889999,168.360001,164.28999299999995,168.0,167.085266,904100
2639,2018-05-07,2680.340088,2683.350098,2664.699951,2672.629883,2672.629883,3237960000,168.300003,169.320007,166.990005,167.479996,166.5681,1338200
2640,2018-05-08,2670.26001,2676.340088,2655.199951,2671.919922,2671.919922,3717570000,166.970001,167.350006,165.46000700000005,166.619995,165.712784,1202800
2641,2018-05-09,2678.1201170000004,2701.27002,2674.139893,2697.790039,2697.790039,3909500000,167.16000400000001,168.059998,165.009995,167.389999,166.478592,989800
2642,2018-05-10,2705.02002,2726.110107,2704.540039,2723.070068,2723.070068,3333050000,167.729996,169.389999,167.050003,168.970001,168.04998799999996,657000
2643,2018-05-11,2722.699951,2732.860107,2717.449951,2727.719971,2727.719971,2862700000,168.800003,169.889999,168.720001,169.479996,168.55722,611500
2644,2018-05-14,2738.469971,2742.100098,2725.469971,2730.129883,2730.129883,2972660000,169.520004,169.83999599999999,168.270004,169.149994,168.229019,1359100
2645,2018-05-15,2718.590088,2718.590088,2701.909912,2711.449951,2711.449951,3290680000,167.919998,168.71000700000005,167.279999,168.220001,167.304077,1103800
2646,2018-05-16,2712.6201170000004,2727.76001,2712.169922,2722.459961,2722.459961,3202670000,168.5,172.729996,167.919998,171.759995,170.824799,1576900
2647,2018-05-17,2719.709961,2731.959961,2711.360107,2720.129883,2720.129883,3475400000,171.429993,171.990005,170.190002,171.259995,170.32751499999995,759300
2648,2018-05-18,2717.350098,2719.5,2709.179932,2712.969971,2712.969971,3368690000,170.979996,173.470001,170.979996,172.809998,171.86908,1043300
2649,2018-05-21,2735.389893,2739.189941,2725.699951,2733.01001,2733.01001,3019890000,173.850006,174.440002,172.53999299999995,173.740005,172.79402199999996,731500
2650,2018-05-22,2738.340088,2742.23999,2721.879883,2724.439941,2724.439941,3366310000,173.860001,174.100006,172.759995,172.899994,171.958603,671900
2651,2018-05-23,2713.97998,2733.330078,2709.540039,2733.290039,2733.290039,3326290000,172.350006,175.520004,172.300003,175.419998,174.464874,940300
2652,2018-05-24,2730.939941,2731.969971,2707.379883,2727.76001,2727.76001,3256030000,175.029999,176.759995,174.259995,175.03999299999995,174.086945,1015600
2653,2018-05-25,2723.600098,2727.360107,2714.98999,2721.330078,2721.330078,2995260000,174.809998,175.509995,173.389999,173.779999,172.833801,943900
2654,2018-05-29,2705.110107,2710.669922,2676.810059,2689.860107,2689.860107,3736890000,172.610001,173.71000700000005,171.240005,172.33999599999999,171.40164199999995,1052100
2655,2018-05-30,2702.429932,2729.340088,2702.429932,2724.01001,2724.01001,3561050000,173.110001,175.990005,173.059998,175.070007,174.116776,734400
2656,2018-05-31,2720.97998,2722.5,2700.679932,2705.27002,2705.27002,4235370000,175.5,176.08999599999999,173.919998,174.020004,173.072495,978800
2657,2018-06-01,2718.699951,2736.929932,2718.699951,2734.6201170000004,2734.6201170000004,3684130000,175.190002,175.940002,174.029999,175.46000700000005,174.504669,709200
2658,2018-06-04,2741.669922,2749.159912,2740.540039,2746.8701170000004,2746.8701170000004,3376510000,175.729996,177.0,174.309998,176.369995,175.409698,827200
2659,2018-06-05,2748.459961,2752.610107,2739.51001,2748.800049,2748.800049,3517790000,177.429993,177.699997,176.020004,177.220001,176.25508100000005,1106700
2660,2018-06-06,2753.25,2772.389893,2748.459961,2772.350098,2772.350098,3651640000,177.429993,179.83999599999999,176.380005,179.779999,178.801132,922100
2661,2018-06-07,2774.840088,2779.899902,2760.159912,2770.3701170000004,2770.3701170000004,3711330000,179.83999599999999,179.83999599999999,176.880005,178.149994,177.18000800000004,833700
2662,2018-06-08,2765.840088,2779.389893,2763.590088,2779.030029,2779.030029,3123210000,178.199997,179.149994,177.21000700000005,178.949997,177.975662,962000
2663,2018-06-11,2780.179932,2790.209961,2780.169922,2782.0,2782.0,3232330000,178.970001,179.600006,169.100006,169.779999,168.855576,4439200
2664,2018-06-12,2785.600098,2789.800049,2778.780029,2786.850098,2786.850098,3401010000,169.389999,169.389999,162.28999299999995,162.53999299999995,161.654999,7037500
2665,2018-06-13,2787.939941,2791.469971,2774.649902,2775.629883,2775.629883,3779230000,173.229996,173.309998,166.0,166.600006,165.692917,6769400
2666,2018-06-14,2783.209961,2789.060059,2776.52002,2782.48999,2782.48999,3526890000,168.300003,169.600006,167.5,168.75,167.831192,2150500
2667,2018-06-15,2777.780029,2782.810059,2761.72998,2779.659912,2779.659912,5428790000,169.240005,169.949997,167.740005,168.380005,167.463211,3369500
2668,2018-06-18,2765.790039,2774.98999,2757.1201170000004,2773.75,2773.75,3287150000,167.220001,170.71000700000005,166.970001,170.25,169.323029,1856500
2669,2018-06-19,2752.01001,2765.050049,2743.189941,2762.590088,2762.590088,3661470000,169.100006,170.119995,168.46000700000005,169.729996,168.805847,1477100
2670,2018-06-20,2769.72998,2774.860107,2763.909912,2767.320068,2767.320068,3327600000,170.259995,171.070007,169.470001,169.53999299999995,168.616882,1498700
2671,2018-06-21,2769.280029,2769.280029,2744.389893,2749.76001,2749.76001,3300060000,169.690002,170.16000400000001,168.119995,169.809998,168.885422,1471500
2672,2018-06-22,2760.790039,2764.169922,2752.679932,2754.879883,2754.879883,5450550000,170.41000400000001,173.679993,170.0,172.0,171.063492,1596300
2673,2018-06-25,2742.939941,2742.939941,2698.669922,2717.070068,2717.070068,3655080000,171.190002,171.669998,168.649994,170.279999,169.352859,1223500
2674,2018-06-26,2722.1201170000004,2732.909912,2715.600098,2723.060059,2723.060059,3555090000,170.360001,172.740005,170.050003,172.25,171.312149,1213600
2675,2018-06-27,2728.449951,2746.090088,2699.379883,2699.629883,2699.629883,3776090000,171.720001,172.889999,168.979996,169.16000400000001,168.238968,1589100
2676,2018-06-28,2698.689941,2724.340088,2691.98999,2716.310059,2716.310059,3428140000,168.580002,169.520004,167.550003,168.970001,168.518204,1430300
2677,2018-06-29,2727.129883,2743.26001,2718.030029,2718.3701170000004,2718.3701170000004,3565620000,169.740005,171.070007,168.779999,168.860001,168.408508,1037800
2678,2018-07-02,2704.949951,2727.26001,2698.949951,2726.709961,2726.709961,3073650000,167.559998,170.03999299999995,166.690002,169.96000700000005,169.505569,1078600
2679,2018-07-03,2733.27002,2736.580078,2711.159912,2713.219971,2713.219971,1911470000,169.96000700000005,170.75,169.229996,169.78999299999995,169.33601399999995,436900
2680,2018-07-05,2724.189941,2737.830078,2716.02002,2736.610107,2736.610107,2953420000,171.020004,171.649994,169.529999,171.330002,170.871902,750900
2681,2018-07-06,2737.679932,2764.409912,2733.52002,2759.820068,2759.820068,2554780000,171.880005,173.66000400000001,170.979996,173.110001,172.647141,855000
2682,2018-07-09,2775.6201170000004,2784.649902,2770.72998,2784.169922,2784.169922,3050040000,173.429993,174.520004,172.479996,173.610001,173.14579799999996,556400
2683,2018-07-10,2788.560059,2795.580078,2786.23999,2793.840088,2793.840088,3063850000,174.179993,174.869995,173.800003,174.380005,173.91374199999996,656500
2684,2018-07-11,2779.820068,2785.909912,2770.77002,2774.02002,2774.02002,2964740000,173.520004,174.630005,172.809998,173.419998,172.956314,634800
2685,2018-07-12,2783.139893,2799.219971,2781.530029,2798.290039,2798.290039,2821690000,174.279999,174.71000700000005,173.059998,174.330002,173.863876,620200
2686,2018-07-13,2796.929932,2804.530029,2791.689941,2801.310059,2801.310059,2614000000,174.520004,174.66000400000001,173.669998,174.300003,173.833954,536700
2687,2018-07-16,2797.360107,2801.189941,2793.389893,2798.429932,2798.429932,2812230000,174.179993,174.240005,172.880005,173.419998,172.956314,792300
2688,2018-07-17,2789.340088,2814.189941,2789.23999,2809.550049,2809.550049,3050730000,173.66000400000001,176.630005,173.46000700000005,176.110001,175.63911399999995,944000
2689,2018-07-18,2811.350098,2816.76001,2805.889893,2815.6201170000004,2815.6201170000004,3089780000,176.08999599999999,177.369995,173.600006,173.740005,173.275452,933000
2690,2018-07-19,2809.3701170000004,2812.050049,2799.77002,2804.48999,2804.48999,3266700000,173.220001,173.71000700000005,172.229996,172.860001,172.39781200000004,1023400
2691,2018-07-20,2804.550049,2809.699951,2800.01001,2801.830078,2801.830078,3230210000,172.419998,175.240005,172.419998,174.300003,173.833954,889500
2692,2018-07-23,2799.169922,2808.610107,2795.139893,2806.97998,2806.97998,2907430000,173.809998,174.880005,172.809998,174.679993,174.212936,950000
2693,2018-07-24,2820.679932,2829.98999,2811.1201170000004,2820.399902,2820.399902,3417530000,175.399994,175.860001,172.860001,172.919998,172.457642,1287000
2694,2018-07-25,2817.72998,2848.030029,2817.72998,2846.070068,2846.070068,3553010000,168.5,170.740005,166.070007,169.979996,169.525497,2778600
2695,2018-07-26,2835.48999,2845.570068,2835.26001,2837.439941,2837.439941,3653330000,170.240005,171.940002,169.0,171.389999,170.931732,1562700
2696,2018-07-27,2842.350098,2843.169922,2808.340088,2818.820068,2818.820068,3415710000,171.46000700000005,171.96000700000005,167.41000400000001,169.03999299999995,168.588013,1176600
2697,2018-07-30,2819.0,2821.73999,2798.110107,2802.600098,2802.600098,3245770000,168.740005,168.75,164.669998,164.990005,164.54885900000005,1802100
2698,2018-07-31,2809.72998,2824.459961,2808.060059,2816.290039,2816.290039,3892100000,165.83999599999999,166.470001,163.16000400000001,163.25,162.81350700000004,2549800
2699,2018-08-01,2821.169922,2825.830078,2805.850098,2813.360107,2813.360107,3496990000,163.380005,165.529999,163.380005,165.0,164.558823,1980500
2700,2018-08-02,2800.47998,2829.909912,2796.340088,2827.219971,2827.219971,3467380000,164.559998,166.610001,164.330002,166.449997,166.004944,1413500
2701,2018-08-03,2829.6201170000004,2840.379883,2827.3701170000004,2840.350098,2840.350098,3030390000,167.020004,167.020004,164.71000700000005,165.300003,164.858017,1068000
2702,2018-08-06,2840.290039,2853.290039,2835.97998,2850.399902,2850.399902,2874540000,165.21000700000005,166.350006,164.300003,166.130005,165.685806,1232400
2703,2018-08-07,2855.919922,2863.429932,2855.919922,2858.449951,2858.449951,3162770000,166.130005,166.600006,164.440002,165.179993,164.738327,1127200
2704,2018-08-08,2856.790039,2862.439941,2853.090088,2857.699951,2857.699951,2972200000,165.5,166.570007,164.669998,166.16000400000001,165.715729,899900
2705,2018-08-09,2857.189941,2862.47998,2851.97998,2853.580078,2853.580078,3047050000,166.58999599999999,168.179993,166.149994,167.009995,166.563446,805400
2706,2018-08-10,2838.899902,2842.199951,2825.810059,2833.280029,2833.280029,3256040000,166.419998,167.139999,165.380005,165.880005,165.436478,764300
2707,2018-08-13,2835.459961,2843.399902,2819.879883,2821.929932,2821.929932,3158450000,166.050003,167.619995,165.850006,166.110001,165.665848,759800
2708,2018-08-14,2827.879883,2843.110107,2826.580078,2839.959961,2839.959961,2976970000,166.08999599999999,167.309998,165.419998,166.21000700000005,165.765594,973100
2709,2018-08-15,2827.949951,2827.949951,2802.48999,2818.3701170000004,2818.3701170000004,3645070000,165.830002,167.029999,164.75,166.779999,166.33406100000005,677200
2710,2018-08-16,2831.439941,2850.48999,2831.439941,2840.689941,2840.689941,3219880000,168.0,169.75,167.850006,168.690002,168.238953,1160200
2711,2018-08-17,2838.320068,2855.629883,2833.72998,2850.129883,2850.129883,3024100000,168.600006,170.21000700000005,167.630005,169.979996,169.525497,1315500
2712,2018-08-20,2853.929932,2859.76001,2850.6201170000004,2857.050049,2857.050049,2748020000,170.309998,170.630005,168.630005,168.899994,168.448395,950300
2713,2018-08-21,2861.51001,2873.22998,2861.320068,2862.959961,2862.959961,3147140000,169.33999599999999,169.699997,168.050003,168.300003,167.850006,823100
2714,2018-08-22,2860.98999,2867.540039,2856.050049,2861.820068,2861.820068,2689560000,167.759995,169.78999299999995,167.690002,169.550003,169.09666399999998,766000
2715,2018-08-23,2860.290039,2868.780029,2854.030029,2856.97998,2856.97998,2713910000,169.729996,170.149994,168.860001,169.399994,168.947052,668400
2716,2018-08-24,2862.350098,2876.159912,2862.350098,2874.689941,2874.689941,2596190000,169.399994,170.279999,169.270004,169.979996,169.525497,616800
2717,2018-08-27,2884.689941,2898.25,2884.689941,2896.73999,2896.73999,2854080000,170.690002,170.949997,169.479996,170.479996,170.02417,836300
2718,2018-08-28,2901.449951,2903.77002,2893.5,2897.52002,2897.52002,2683190000,170.759995,171.179993,169.5,169.889999,169.435745,732800
2719,2018-08-29,2900.6201170000004,2916.5,2898.399902,2914.040039,2914.040039,2791860000,170.25,171.96000700000005,169.830002,171.270004,170.812057,774200
2720,2018-08-30,2908.939941,2912.459961,2895.219971,2901.129883,2901.129883,2802180000,170.559998,170.75,168.600006,169.020004,168.568085,1276000
2721,2018-08-31,2898.3701170000004,2906.320068,2891.72998,2901.52002,2901.52002,2880260000,168.479996,169.729996,167.350006,169.429993,168.976974,1408400
2722,2018-09-04,2896.959961,2900.179932,2885.129883,2896.719971,2896.719971,3077060000,169.5,169.919998,168.270004,168.600006,168.1492,755000
2723,2018-09-05,2891.590088,2894.209961,2876.919922,2888.600098,2888.600098,3241250000,167.820007,168.479996,166.070007,168.03999299999995,167.590683,868900
2724,2018-09-06,2888.639893,2892.050049,2867.290039,2878.050049,2878.050049,3139590000,168.03999299999995,171.679993,167.320007,171.25,170.792114,1290300
2725,2018-09-07,2868.26001,2883.810059,2864.1201170000004,2871.679932,2871.679932,2946270000,170.520004,170.779999,169.5,169.75,169.296127,1144500
2726,2018-09-10,2881.389893,2886.929932,2875.939941,2877.129883,2877.129883,2731400000,170.419998,171.78999299999995,170.179993,170.389999,169.934402,1070800
2727,2018-09-11,2871.570068,2892.52002,2866.780029,2887.889893,2887.889893,2899660000,170.220001,172.649994,169.729996,171.759995,171.300735,1180300
2728,2018-09-12,2888.290039,2894.649902,2879.199951,2888.919922,2888.919922,3264930000,171.58999599999999,173.490005,171.08999599999999,173.28999299999995,172.82664499999996,1087300
2729,2018-09-13,2896.850098,2906.76001,2896.389893,2904.179932,2904.179932,3254930000,172.279999,173.779999,171.809998,173.070007,172.607254,2388600
2730,2018-09-14,2906.379883,2908.300049,2895.77002,2904.97998,2904.97998,3149800000,173.490005,173.619995,170.03999299999995,170.5,170.04411299999995,1349600
2731,2018-09-17,2903.830078,2904.649902,2886.159912,2888.800049,2888.800049,2947760000,171.220001,171.220001,169.16000400000001,169.880005,169.425781,1443500
2732,2018-09-18,2890.73999,2911.169922,2890.429932,2904.310059,2904.310059,3074610000,169.75,174.16000400000001,169.300003,174.100006,173.634491,1485100
2733,2018-09-19,2906.600098,2912.360107,2903.820068,2907.949951,2907.949951,3280020000,173.970001,174.009995,172.449997,173.529999,173.06601,1512400
2734,2018-09-20,2919.72998,2934.800049,2919.72998,2930.75,2930.75,3337730000,174.0,174.100006,172.449997,173.490005,173.02612299999996,1346900
2735,2018-09-21,2936.76001,2940.909912,2927.110107,2929.669922,2929.669922,5607610000,173.509995,174.96000700000005,173.509995,174.5,174.033417,3222400
2736,2018-09-24,2921.830078,2923.790039,2912.629883,2919.3701170000004,2919.3701170000004,3372210000,173.940002,176.570007,173.940002,176.080002,175.60919199999995,1227300
2737,2018-09-25,2921.75,2923.949951,2913.699951,2915.560059,2915.560059,3285480000,176.259995,176.75,175.529999,175.770004,175.300034,603800
2738,2018-09-26,2916.97998,2931.149902,2903.280029,2905.969971,2905.969971,3388620000,175.889999,177.08999599999999,174.990005,175.779999,175.309998,1216600
2739,2018-09-27,2911.649902,2927.219971,2909.27002,2914.0,2914.0,3060850000,175.759995,175.759995,174.669998,175.03999299999995,175.03999299999995,1006900
2740,2018-09-28,2910.030029,2920.530029,2907.5,2913.97998,2913.97998,3432300000,175.0,177.759995,175.0,177.679993,177.679993,1368700
2741,2018-10-01,2926.290039,2937.060059,2917.909912,2924.590088,2924.590088,3364190000,178.25,178.899994,177.71000700000005,178.649994,178.649994,1293700
2742,2018-10-02,2923.800049,2931.419922,2919.3701170000004,2923.429932,2923.429932,3401880000,178.619995,178.619995,176.070007,177.380005,177.380005,1126800
2743,2018-10-03,2931.689941,2939.860107,2921.360107,2925.51001,2925.51001,3598710000,177.350006,177.75,174.759995,175.309998,175.309998,1124500
2744,2018-10-04,2919.350098,2919.780029,2883.919922,2901.610107,2901.610107,3496860000,174.850006,174.990005,172.529999,173.570007,173.570007,1226200
2745,2018-10-05,2902.540039,2909.639893,2869.290039,2885.570068,2885.570068,3328980000,174.020004,174.5,172.600006,174.08999599999999,174.08999599999999,1161200
2746,2018-10-08,2877.530029,2889.449951,2862.080078,2884.429932,2884.429932,3330320000,174.16000400000001,176.740005,173.240005,175.0,175.0,1483000
2747,2018-10-09,2882.51001,2894.830078,2874.27002,2880.340088,2880.340088,3520500000,175.059998,176.639999,174.149994,176.080002,176.080002,1020200
2748,2018-10-10,2873.899902,2874.02002,2784.860107,2785.679932,2785.679932,4501250000,176.0,176.699997,170.800003,171.149994,171.149994,2092700
2749,2018-10-11,2776.8701170000004,2795.139893,2710.51001,2728.3701170000004,2728.3701170000004,4890630000,170.53999299999995,171.71000700000005,167.179993,168.720001,168.720001,1354200
2750,2018-10-12,2770.540039,2775.77002,2729.439941,2767.129883,2767.129883,3966040000,171.059998,172.529999,168.889999,171.03999299999995,171.03999299999995,1161500
2751,2018-10-15,2763.830078,2775.98999,2749.030029,2750.790039,2750.790039,3300140000,170.66000400000001,171.350006,169.020004,169.41000400000001,169.41000400000001,790700
2752,2018-10-16,2767.050049,2813.459961,2766.909912,2809.919922,2809.919922,3428340000,171.16000400000001,175.5,171.119995,175.100006,175.100006,1359700
2753,2018-10-17,2811.669922,2816.939941,2781.810059,2809.209961,2809.209961,3321710000,174.320007,176.479996,173.529999,176.229996,176.229996,1108700
2754,2018-10-18,2802.0,2806.040039,2755.179932,2768.780029,2768.780029,3616440000,176.419998,176.5,171.429993,173.100006,173.100006,1203600
2755,2018-10-19,2775.659912,2797.77002,2760.27002,2767.780029,2767.780029,3566490000,173.33999599999999,173.33999599999999,168.580002,168.940002,168.940002,1707500
2756,2018-10-22,2773.939941,2778.939941,2749.219971,2755.879883,2755.879883,3307140000,169.259995,169.53999299999995,166.940002,167.759995,167.759995,1920200
2757,2018-10-23,2721.030029,2753.590088,2691.429932,2740.689941,2740.689941,4348580000,165.899994,167.690002,164.059998,166.630005,166.630005,1460500
2758,2018-10-24,2737.8701170000004,2742.590088,2651.889893,2656.100098,2656.100098,4709310000,166.350006,168.529999,163.0,163.199997,163.199997,1841700
2759,2018-10-25,2674.879883,2722.699951,2667.840088,2705.570068,2705.570068,4634770000,164.419998,166.309998,162.380005,165.270004,165.270004,2080000
2760,2018-10-26,2667.860107,2692.379883,2628.159912,2658.689941,2658.689941,4803150000,164.0,164.0,156.669998,160.380005,160.380005,3169900
2761,2018-10-29,2682.649902,2706.850098,2603.540039,2641.25,2641.25,4673700000,162.639999,164.009995,159.71000700000005,161.75,161.75,1661700
2762,2018-10-30,2640.679932,2685.429932,2635.340088,2682.629883,2682.629883,5106380000,162.190002,164.5,160.130005,162.03999299999995,162.03999299999995,1356300
2763,2018-10-31,2705.600098,2736.689941,2705.600098,2711.73999,2711.73999,5112420000,163.529999,164.080002,161.770004,162.220001,162.220001,1597400
2764,2018-11-01,2717.580078,2741.669922,2708.850098,2740.3701170000004,2740.3701170000004,4708420000,163.119995,167.46000700000005,162.830002,166.570007,166.570007,1741600
2765,2018-11-02,2745.449951,2756.550049,2700.439941,2723.060059,2723.060059,4237930000,167.470001,168.46000700000005,163.669998,165.369995,165.369995,1100600
2766,2018-11-05,2726.3701170000004,2744.27002,2717.939941,2738.310059,2738.310059,3623320000,165.929993,167.149994,165.270004,166.330002,166.330002,974700
2767,2018-11-06,2738.399902,2756.820068,2737.080078,2755.449951,2755.449951,3510860000,165.83999599999999,166.869995,165.21000700000005,166.729996,166.729996,990600
2768,2018-11-07,2774.129883,2815.149902,2774.129883,2813.889893,2813.889893,3914750000,168.08999599999999,169.850006,167.380005,169.75,169.75,1261900
2769,2018-11-08,2806.379883,2814.75,2794.98999,2806.830078,2806.830078,3630490000,169.58999599999999,171.46000700000005,169.009995,171.28999299999995,171.28999299999995,855200
2770,2018-11-09,2794.100098,2794.100098,2764.23999,2781.01001,2781.01001,4019090000,171.0,173.259995,170.020004,171.25,171.25,1423400
2771,2018-11-12,2773.929932,2775.98999,2722.0,2726.219971,2726.219971,3670930000,171.380005,172.729996,168.949997,170.009995,170.009995,1254500
2772,2018-11-13,2730.050049,2754.600098,2714.97998,2722.179932,2722.179932,4091440000,170.119995,171.050003,167.03999299999995,167.820007,167.820007,1173500
2773,2018-11-14,2737.899902,2746.800049,2685.75,2701.580078,2701.580078,4402370000,168.449997,168.78999299999995,165.100006,166.0,166.0,1376900
2774,2018-11-15,2693.52002,2735.379883,2670.75,2730.199951,2730.199951,4179140000,164.940002,168.740005,162.28999299999995,168.720001,168.720001,1187300
2775,2018-11-16,2718.540039,2746.75,2712.159912,2736.27002,2736.27002,3975180000,167.869995,172.520004,167.809998,172.16000400000001,172.16000400000001,1747800
2776,2018-11-19,2730.73999,2733.159912,2681.090088,2690.72998,2690.72998,3772900000,171.979996,171.979996,166.300003,167.720001,167.720001,962400
2777,2018-11-20,2654.600098,2669.439941,2631.52002,2641.889893,2641.889893,4357900000,166.71000700000005,167.649994,165.25,165.949997,165.949997,1474300
2778,2018-11-21,2657.73999,2670.72998,2649.820068,2649.929932,2649.929932,3233550000,165.970001,166.96000700000005,162.860001,164.33999599999999,164.33999599999999,1294700
2779,2018-11-23,2633.360107,2647.550049,2631.090088,2632.560059,2632.560059,1651650000,163.770004,166.070007,163.770004,164.800003,164.800003,570300
2780,2018-11-26,2649.969971,2674.350098,2649.969971,2673.449951,2673.449951,3443950000,165.070007,166.33999599999999,163.809998,165.91000400000001,165.91000400000001,1631700
2781,2018-11-27,2663.75,2682.530029,2655.889893,2682.169922,2682.169922,3485220000,165.53999299999995,167.16000400000001,164.529999,167.070007,167.070007,1001500
2782,2018-11-28,2691.449951,2744.0,2684.379883,2743.790039,2743.790039,3951670000,167.199997,171.869995,167.080002,171.679993,171.679993,1364700
2783,2018-11-29,2736.969971,2753.75,2722.939941,2737.800049,2737.800049,3560770000,170.800003,172.83999599999999,170.220001,170.91000400000001,170.91000400000001,1530900
2784,2018-11-30,2737.76001,2760.879883,2732.76001,2760.169922,2760.169922,4658580000,171.360001,175.509995,171.16000400000001,175.46000700000005,175.46000700000005,2590300
2785,2018-12-03,2790.5,2800.179932,2773.379883,2790.3701170000004,2790.3701170000004,4186060000,175.649994,176.0,172.869995,173.889999,173.889999,1880500
2786,2018-12-04,2782.429932,2785.929932,2697.179932,2700.060059,2700.060059,4499840000,173.800003,175.240005,171.75,172.25,172.25,1703200
2787,2018-12-06,2663.51001,2696.149902,2621.530029,2695.949951,2695.949951,5141470000,170.419998,172.440002,167.149994,172.440002,172.440002,1594900
2788,2018-12-07,2691.26001,2708.540039,2623.139893,2633.080078,2633.080078,4216690000,172.020004,172.259995,167.690002,168.850006,168.850006,1268400
2789,2018-12-10,2630.860107,2647.51001,2583.22998,2637.719971,2637.719971,4151030000,169.440002,171.869995,167.009995,171.220001,171.220001,1106000
2790,2018-12-11,2664.439941,2674.350098,2621.300049,2636.780029,2636.780029,3905870000,172.779999,174.169998,171.279999,171.66000400000001,171.66000400000001,1385600
2791,2018-12-12,2658.22998,2685.439941,2650.26001,2651.070068,2651.070068,3955890000,172.669998,174.919998,171.75,172.610001,172.610001,1477000
2792,2018-12-13,2658.699951,2670.189941,2637.27002,2650.540039,2650.540039,3927720000,173.259995,174.850006,172.259995,172.860001,172.860001,904700
2793,2018-12-14,2629.679932,2635.070068,2593.840088,2599.949951,2599.949951,4035020000,171.889999,171.990005,165.949997,166.559998,166.559998,1463500
2794,2018-12-17,2590.75,2601.129883,2530.540039,2545.939941,2545.939941,4616350000,165.529999,165.529999,159.149994,160.110001,160.110001,2355100
2795,2018-12-18,2559.899902,2573.98999,2528.709961,2546.159912,2546.159912,4470880000,163.550003,163.550003,159.809998,161.479996,161.479996,1394000
2796,2018-12-19,2547.050049,2585.290039,2488.959961,2506.959961,2506.959961,5127940000,161.809998,162.350006,156.0,158.0,158.0,1276400
2797,2018-12-20,2496.77002,2509.629883,2441.179932,2467.419922,2467.419922,5585780000,157.16000400000001,157.91000400000001,152.630005,153.78999299999995,153.78999299999995,1778200
2798,2018-12-21,2465.379883,2504.409912,2408.550049,2416.6201170000004,2416.6201170000004,7609010000,153.78999299999995,156.649994,150.630005,150.729996,150.729996,2747300
2799,2018-12-24,2400.560059,2410.340088,2351.100098,2351.100098,2351.100098,2613930000,150.03999299999995,150.580002,144.949997,145.0,145.0,998300
